               0            7.03       9.999e-05         43.1922     -0.00012839    -0.000583128         67.7592        0.436523        0.582451       0.0419347               0     0.000322043        0.387572        0.397632        0.577615               0      -0.0033689         0.01359               0     1.07501e-08       0.0247913        -25.8968
               1         6.63483       9.999e-05         43.1922    -0.000127186    -0.000634558         66.8629       -0.508956       -0.680869       0.0139015               0      0.00035813         1.51316         1.50276        0.559986               0      0.00778488      0.00200483               0      1.0609e-08       0.0247913        -25.6539
               2         6.26187       9.999e-05         43.1922    -0.000125934    -0.000722072         65.9686        0.697022        0.930105      -0.0344569               0     0.000398129        0.230535        0.243272        0.690521               0     -0.00483229     -0.00230258               0     1.04267e-08       0.0247913        -25.4013
               3         5.90988       9.999e-05         43.1922    -0.000124687    -0.000778218          65.074       -0.721548       -0.959291       0.0629129               0     0.000442586        -1.04506        -1.05679        0.651041               0     -0.00978813      0.00704751               0     1.03127e-08       0.0247913        -25.1498
               4         5.57767       9.999e-05         43.1922    -0.000123564    -0.000871302         64.1783        -0.29579       -0.400852      0.00619305               0     0.000492192         3.67315         3.66892        0.633054               0       0.0221172      0.00714691               0     1.02583e-08       0.0247913        -24.9233
               5         5.26414       9.999e-05         43.1922    -0.000122295    -0.000996664         63.2832         1.08851         1.44803       0.0621622               0     0.000546947         2.26296         2.27704        0.639349               0      0.00932112       0.0155534               0     1.01579e-08       0.0247913        -24.6674
               6         4.96823       9.999e-05         43.1922    -0.000120979     -0.00110811         62.3904         1.20657         1.61237       0.0264028               0     0.000607659        -1.22594         -1.2121        0.688142               0      -0.0151296      0.00919487               0     1.00376e-08       0.0247913         -24.402
               7         4.68895       9.999e-05         43.1922    -0.000119691     -0.00121669         61.4996        0.731865        0.982852       0.0406493               0     0.000675112        -3.00571        -2.99827        0.631114               0      -0.0265991       0.0199055               0     9.85636e-09       0.0247913        -24.1422
               8         4.42538       9.999e-05         43.1922    -0.000118448     -0.00134245         60.6097        0.524828         0.70779      -0.0227521               0     0.000750147         -3.5305        -3.52579        0.661479               0      -0.0298432     0.000957237               0     9.81685e-09       0.0247913        -23.8915
               9         4.17662       9.999e-05         43.1922     -0.00011721     -0.00150307         59.7195        0.911155         1.22261        0.048929               0     0.000833398        -3.37418        -3.36685        0.579008               0      -0.0291544      0.00506774               0     9.82917e-09       0.0247913        -23.6417
              10         3.94184       9.999e-05         43.1922    -0.000116037     -0.00169999         58.8294          1.8091         2.41677      -0.0361911               0     0.000926046        -1.79656        -1.78351        0.549196               0      -0.0189294    -0.000851321               0     9.76849e-09       0.0247913        -23.4051
              11         3.72026       9.999e-05         43.1922    -0.000115016      -0.0019071         57.9398         2.20383         2.93534         0.11448               0      0.00102965         2.07216         2.08641        0.527646               0      0.00825242      0.00932806               0      9.5358e-09       0.0247913        -23.1991
              12         3.51114       9.999e-05         43.1922    -0.000114012     -0.00202376         57.0522        0.287563        0.373542       0.0462943               0      0.00114481         5.38708         5.38887        0.618117               0       0.0338011       0.0189987               0     9.09442e-09       0.0247913        -22.9967
              13         3.31377       9.999e-05         43.1922    -0.000112604     -0.00208576          56.167        -2.55776        -3.41282      -0.0420164               0      0.00127051         1.62902           1.616        0.527467               0      0.00969521      -0.0173706               0      8.4897e-09       0.0247913        -22.7127
              14         3.12749       9.999e-05         43.1922    -0.000110955     -0.00244837         55.2816       -0.257971       -0.334538        0.127934               0      0.00140807        -4.28507        -4.28636        0.541132               0      -0.0340813       0.0195205               0     9.14952e-09       0.0247913          -22.38
              15         2.95169       9.999e-05         43.1922    -0.000110215     -0.00292112         54.3971         2.78366          3.7082    -0.000295534               0       0.0015668         2.11298         2.12433        0.570043               0      0.00920753       0.0267794               0     1.09156e-08       0.0247913        -22.2309
              16         2.78577       9.999e-05         43.1922    -0.000109164     -0.00283702         53.5175        -2.50674        -3.34788      -0.0266268               0      0.00174125         3.20071         3.19176        0.504033               0       0.0203139       0.0133804               0     1.21753e-08       0.0247913        -22.0188
              17         2.62918       9.999e-05         43.1922    -0.000107238     -0.00341308          52.635         0.83449         1.12135      -0.0391911               0      0.00192644        -3.93918        -3.93661        0.645974               0      -0.0321808       0.0104502               0     1.48045e-08       0.0247913        -21.6304
              18         2.48138       9.999e-05         43.1922    -0.000107032     -0.00379517         51.7545        0.694708        0.917084         0.15481               0      0.00214875         5.00073         5.00287        0.536945               0       0.0313536       0.0325659               0     1.04674e-08       0.0247913        -21.5888
              19          2.3419       9.999e-05         43.1922    -0.000104781     -0.00392641         50.8773        -1.59374        -2.11727     -0.00023481               0       0.0023729        -3.42404        -3.42821        0.583935               0      -0.0273455       0.0240542               0     1.07102e-08       0.0247913        -21.1348
              20         2.21026       9.999e-05         43.1922    -0.000104633     -0.00479213         49.9966         1.88391         2.50426       0.0249146               0      0.00264693         4.17798         4.18239        0.478745               0       0.0252401       0.0148123               0      1.7997e-08       0.0247913         -21.105
              21         2.08601       9.999e-05         43.1922    -0.000102314     -0.00479077         49.1231        -1.62594         -2.1606       -0.126282               0      0.00292156        -3.22267        -3.22607        0.518673               0      -0.0259725      0.00649296               0     1.68749e-08       0.0247913        -20.6372
              22         1.96875       9.999e-05         43.1922    -0.000102493     -0.00571907         48.2449        0.725324        0.958945        0.146121               0      0.00326409         4.45657         4.45802        0.527002               0       0.0278018       0.0239264               0     1.62066e-08       0.0247913        -20.6733
              23         1.85809       9.999e-05         43.1922    -9.97181e-05     -0.00630465         47.3716        0.857058         1.14998        0.225003               0       0.0035915        -3.25075        -3.24947         0.46427               0      -0.0268656       0.0160067               0     1.58303e-08       0.0247913        -20.1135
              24         1.75364       9.999e-05         43.1922    -9.99671e-05     -0.00631193         46.5036        -2.77321        -3.70269      -0.0292366               0      0.00401431         3.00961         3.00574        0.523359               0       0.0184961       0.0288754               0     1.58021e-08       0.0247913        -20.1638
              25         1.65506       9.999e-05         43.1922    -9.81061e-05     -0.00838541         45.6255         3.85584         5.14077       0.0711359               0      0.00443559        0.436463        0.441393        0.480656               0     -0.00119532       0.0154105               0     1.54012e-08       0.0247913        -19.7884
              26         1.56203       9.999e-05         43.1922    -9.62508e-05     -0.00767589         44.7668        -2.61865        -3.48645     -0.00532896               0      0.00490378        -2.07184        -2.07488        0.404488               0      -0.0176575      -0.0228915               0     1.49211e-08       0.0247913        -19.4142
              27         1.47422       9.999e-05         43.1922    -9.69472e-05     -0.00899484          43.897        -1.02653        -1.37509       -0.152918               0      0.00549297         3.61547         3.61455        0.557146               0       0.0224404       0.0122344               0     1.44922e-08       0.0247913        -19.5546
              28         1.39135       9.999e-05         43.1922    -9.44458e-05       -0.011416         43.0235         3.92315         5.23153        0.174008               0      0.00604538       -0.104226       -0.100695        0.526076               0     -0.00468137       0.0220269               0     1.40691e-08       0.0247913        -19.0501
              29         1.31314       9.999e-05         43.1922    -9.24487e-05      -0.0105464         42.1729        -2.07835        -2.76607        0.322053               0      0.00667262        -2.08525        -2.08699        0.502096               0      -0.0178434        0.064031               0     1.23244e-08       0.0247913        -18.6473
              30         1.23933       9.999e-05         43.1922    -9.32644e-05      -0.0114499         41.3136        -2.92238        -3.90035        0.190538               0      0.00747834         2.41229         2.41029        0.360562               0       0.0141987       0.0470343               0      1.1899e-08       0.0247913        -18.8118
              31         1.16966       9.999e-05         43.1922    -9.19746e-05      -0.0152406         40.4402         3.22665         4.29843      0.00622159               0      0.00827717         2.12175         2.12387        0.468794               0       0.0114946       0.0221543               0      1.1486e-08       0.0247913        -18.5516
              32         1.10391       9.999e-05         43.1922    -8.87241e-05      -0.0162587         39.5877         2.41814         3.22789      0.00523912               0      0.00906524        -1.59966        -1.59835        0.419652               0      -0.0147676    -0.000980167               0     7.55654e-09       0.0247913         -17.896
              33         1.04186       9.999e-05         43.1922    -8.79162e-05      -0.0149421         38.7515        -3.23874        -4.31517       0.0407925               0       0.0100696        -1.08936        -1.09103        0.498527               0      -0.0106089       0.0400753               0     7.20759e-09       0.0247913         -17.733
              34        0.983295       9.999e-05         43.1922    -8.89863e-05      -0.0168799         37.8973        -3.06496         -4.0896         0.13924               0       0.0113041         1.99018         1.98887        0.396043               0       0.0112431       -0.042749               0     6.87034e-09       0.0247913        -17.9489
              35        0.928022       9.999e-05         43.1922    -8.81881e-05      -0.0220877         37.0263         2.11228         2.81228       -0.217328               0       0.0125442         2.31299         2.31392        0.336857               0       0.0132065      0.00874483               0     6.55471e-09       0.0247913        -17.7879
              36        0.875856       9.999e-05         43.1922    -8.50628e-05      -0.0255974         36.1704         4.08412         5.44588       -0.245193               0        0.013725      -0.0392005      -0.0377438        0.510246               0     -0.00354057        0.010015               0     1.60634e-09       0.0247913        -17.1575
              37        0.826622       9.999e-05         43.1922    -8.24587e-05      -0.0251287         35.3423        0.549987        0.736927        0.115852               0        0.015072        -1.50935        -1.50923        0.508525               0      -0.0137162      -0.0021733               0     1.45257e-09       0.0247913        -16.6322
              38        0.780156       9.999e-05         43.1922    -8.23016e-05      -0.0240163         34.5202        -3.58344        -4.77576        0.351446               0       0.0167979       -0.588988       -0.590023        0.470237               0     -0.00695363        0.107484               0      1.3037e-09       0.0247913        -16.6006
              39        0.736302       9.999e-05         43.1922     -8.3444e-05      -0.0268646         33.6777        -3.74603        -4.99616        0.565262               0       0.0188498         1.23995         1.23905        0.478416               0      0.00604198        0.130789               0     1.03733e-09       0.0247913         -16.831
              40        0.694913       9.999e-05         43.1922    -8.34511e-05       -0.034119         32.8143       -0.279194       -0.375635         0.63999               0       0.0209894         2.05346         2.05347        0.386106               0       0.0117053       0.0673156               0     7.70529e-10       0.0247913        -16.8324
              41         0.65585       9.999e-05         43.1922    -8.12658e-05      -0.0420493         31.9538         3.29692          4.3935        0.375129               0       0.0230466         1.38567         1.38638        0.297651               0      0.00690083       0.0785092               0     5.41387e-10       0.0247913        -16.3916
              42        0.618983       9.999e-05         43.1922    -7.78233e-05      -0.0467778         31.1198         4.14572         5.52771         0.07042               0       0.0250944       0.0762925       0.0770343        0.331692               0     -0.00233829        0.103507               0     1.45189e-09       0.0247913        -15.6973
              43        0.584189       9.999e-05         43.1922    -7.48648e-05      -0.0473031         30.3174         2.03909         2.72085       0.0107549               0       0.0274182       -0.835857       -0.835562        0.385105               0     -0.00868303       0.0410351               0     1.44518e-09       0.0247913        -15.1005
              44         0.55135       9.999e-05         43.1922    -7.35945e-05      -0.0456846         29.5316         -1.2765        -1.69954       0.0464161               0       0.0303245        -0.88625       -0.886461        0.365144               0     -0.00891851      -0.0291506               0     1.43541e-09       0.0247913        -14.8443
              45        0.520358       9.999e-05         43.1922    -7.40971e-05      -0.0454845         28.7395        -3.75091        -4.99976      -0.0298875               0       0.0339501       -0.252516       -0.252997         0.33082               0     -0.00435601     -0.00359335               0     1.41967e-09       0.0247913        -14.9457
              46        0.491107       9.999e-05         43.1922    -7.55205e-05      -0.0497895         27.9236        -4.25455        -5.67287       -0.147265               0       0.0382032        0.586543        0.586086        0.355537               0      0.00160615       0.0755891               0     1.40553e-09       0.0247913        -15.2328
              47        0.463501       9.999e-05         43.1922    -7.66742e-05       -0.059711         27.0801        -2.85358        -3.80625       -0.129279               0       0.0428438         1.20618         1.20594        0.414803               0      0.00598437        0.097049               0     1.38968e-09       0.0247913        -15.4655
              48        0.437447       9.999e-05         43.1922    -7.66377e-05      -0.0739828         26.2193        -0.40435       -0.541228       0.0314387               0       0.0476209          1.4094         1.40941        0.437543               0      0.00741507       0.0274463               0     1.37239e-09       0.0247913        -15.4581
              49        0.412857       9.999e-05         43.1922    -7.50979e-05      -0.0897327         25.3593         2.04453         2.72407        0.172263               0       0.0523864         1.22199         1.22219         0.39653               0      0.00610226      -0.0678465               0     1.35421e-09       0.0247913        -15.1476
              50        0.389649       9.999e-05         43.1922    -7.23386e-05       -0.103858         24.5183         3.69869         4.93026        0.147566               0       0.0571492        0.797517        0.797805        0.324785               0      0.00313945       -0.109791               0     7.75411e-10       0.0247913         -14.591
              51        0.367746       9.999e-05         43.1922    -6.89994e-05       -0.114222         23.7079         4.20124          5.6012      -0.0447211               0       0.0620767        0.315277        0.315552        0.271406               0    -0.000210142      -0.0774111               0     7.54704e-10       0.0247913        -13.9174
              52        0.347074       9.999e-05         43.1922    -6.57833e-05         -0.1202         22.9312         3.60036         4.80082       -0.289844               0         0.06746      -0.0862623      -0.0860635         0.26015               0     -0.00297886     -0.00868148               0     7.34809e-10       0.0247913        -13.2687
              53        0.327565       9.999e-05         43.1922    -6.32423e-05        -0.12257         22.1829           2.206         2.94226       -0.461416               0       0.0736601       -0.333928       -0.333829        0.282247               0     -0.00466146       0.0436082               0     7.14795e-10       0.0247913        -12.7562
              54        0.309152       9.999e-05         43.1922    -6.16838e-05       -0.123037         21.4524        0.428399        0.572419       -0.501067               0       0.0810475        -0.41433       -0.414325         0.31374               0     -0.00517332        0.052028               0     6.96586e-10       0.0247913        -12.4419
              55        0.291773       9.999e-05         43.1922    -6.11748e-05       -0.123687         20.7267         -1.3476        -1.79554       -0.430322               0        0.089945        -0.35435       -0.354416        0.335118               0     -0.00470945       0.0256678               0     6.79144e-10       0.0247913        -12.3392
              56        0.275372       9.999e-05         43.1922    -6.15991e-05       -0.126579         19.9934        -2.83436        -3.77804       -0.313717               0        0.100583       -0.199806       -0.199913        0.340329               0     -0.00359411     -0.00344104               0     6.62363e-10       0.0247913        -12.4248
              57        0.259893       9.999e-05         43.1922    -6.27286e-05       -0.133498         19.2425        -3.86495        -5.15244        -0.21233               0        0.113072      0.00119632      0.00107489        0.334892               0     -0.00216396     -0.00183785               0     2.93312e-10       0.0247913        -12.6526
              58        0.245284       9.999e-05         43.1922    -6.42862e-05       -0.145847         18.4674        -4.38347        -5.84412        -0.15491               0        0.127395        0.208306        0.208191        0.328982               0    -0.000698494       0.0496381               0     2.85689e-10       0.0247913        -12.9668
              59        0.231496       9.999e-05         43.1922    -6.59926e-05       -0.164621         17.6649        -4.41827        -5.89085        -0.13321               0        0.143419        0.393138        0.393042        0.331061               0     0.000608012        0.150841               0     2.77856e-10       0.0247913         -13.311
              60        0.218483       9.999e-05         43.1922    -6.75974e-05        -0.19041         16.8355        -4.05071        -5.40106       -0.114196               0        0.160914        0.539431         0.53936         0.34466               0       0.0016467        0.286061               0     2.70217e-10       0.0247913        -13.6347
              61        0.206202       9.999e-05         43.1922     -6.8896e-05       -0.223421         15.9825        -3.38699        -4.51632       -0.057916               0        0.179586        0.640996        0.640951         0.36828               0      0.00237854        0.431856               0     2.62369e-10       0.0247913        -13.8966
              62        0.194611       9.999e-05         43.1922    -6.97379e-05       -0.263513         15.1116        -2.53669        -3.38276       0.0675396               0        0.199102         0.69885        0.698829        0.397124               0      0.00281384        0.564788               0     2.55383e-10       0.0247913        -14.0664
              63        0.183671       9.999e-05         43.1922    -7.00269e-05       -0.310232         14.2298        -1.59881        -2.13235        0.277856               0        0.219123        0.718418        0.718418        0.425284               0      0.00299263        0.666768               0     2.48724e-10       0.0247913        -14.1247
              64        0.173347       9.999e-05         43.1922    -6.97176e-05       -0.362869         13.3451       -0.654276       -0.873026         0.57107               0        0.239321        0.707253        0.707268        0.447509               0       0.0029684        0.727419               0     2.42335e-10       0.0247913        -14.0623
              65        0.163602       9.999e-05         43.1922    -6.88081e-05       -0.420523         12.4658        0.236573        0.314758        0.930866               0        0.259399        0.673385        0.673412         0.46021               0      0.00279697        0.744003               0     9.37043e-11       0.0247913        -13.8789
              66        0.154406       9.999e-05         43.1922    -6.73309e-05       -0.482165         11.5999         1.03323         1.37698         1.33207               0        0.279099        0.624294        0.624327        0.461734               0      0.00252948        0.719871               0     9.05361e-11       0.0247913        -13.5809
              67        0.145726       9.999e-05         43.1922    -6.53441e-05       -0.546707         10.7545         1.71239         2.28257         1.74633               0        0.298205         0.56635        0.566387        0.452153               0      0.00220878        0.662327               0     8.52982e-11       0.0247913        -13.1802
              68        0.137535       9.999e-05         43.1922    -6.29221e-05       -0.613062          9.9362         2.26452         3.01879         2.14675               0        0.316551        0.504618        0.504655        0.432794               0      0.00186828         0.58055               0     8.01373e-11       0.0247913        -12.6916
              69        0.129804       9.999e-05         43.1922     -6.0148e-05       -0.680195         9.15019         2.69031         3.58657         2.51091               0         0.33401        0.442867        0.442903        0.405717               0      0.00153229        0.483939               0     7.48548e-11       0.0247913        -12.1321
              70        0.122507       9.999e-05         43.1922    -5.71071e-05       -0.747159         8.40071         2.99749          3.9962         2.82247               0        0.350495        0.383719        0.383753        0.373254               0      0.00121712        0.380986               0     7.01083e-11       0.0247913        -11.5187
              71        0.115621       9.999e-05         43.1922    -5.38817e-05       -0.813122         7.69081          3.1981         4.26375         3.07141               0        0.365956        0.328845        0.328877        0.337672               0      0.00093264        0.278655               0     6.54808e-11       0.0247913        -10.8681
              72        0.109121       9.999e-05         43.1922    -5.05477e-05       -0.877381         7.02252         3.30643         4.40824         3.25347               0        0.380367        0.279173        0.279201        0.300956               0     0.000683759        0.182157               0     6.09473e-11       0.0247913        -10.1957
              73        0.102987       9.999e-05         43.1922    -4.71726e-05       -0.939365         6.39691         3.33744         4.44963          3.3692               0         0.39373        0.235078        0.235103        0.264707               0     0.000471765       0.0950047               0     5.65525e-11       0.0247913        -9.51491
              74       0.0971983       9.999e-05         43.1922    -4.38141e-05       -0.998632         5.81421          3.3057         4.40735         3.42269               0        0.406063        0.196551        0.196572        0.230113               0     0.000295537       0.0192224               0     1.10569e-11       0.0247913        -8.83748
              75       0.0917346       9.999e-05         43.1922    -4.05197e-05        -1.05486         5.27398          3.2247          4.2994          3.4204               0        0.417399        0.163326        0.163344        0.197978               0     0.000152416      -0.0443635               0     8.49383e-12       0.0247913        -8.17298
              76        0.086578       9.999e-05         43.1922    -3.73272e-05        -1.10784          4.7752          3.1065         4.14183          3.3702               0        0.427781        0.134987        0.135003        0.168777               0     3.89117e-05      -0.0958246               0     5.85662e-12       0.0247913        -7.52905
              77       0.0817113       9.999e-05         43.1922    -3.42657e-05        -1.15745         4.31641         2.96152         3.94855         3.28045               0        0.437259        0.111039        0.111052        0.142722               0    -4.88097e-05       -0.135854               0        3.22e-12       0.0247913        -6.91152
              78       0.0771181       9.999e-05         43.1922    -3.13558e-05        -1.20365         3.89583         2.79854         3.73127         3.15943               0        0.445887       0.0909613       0.0909722        0.119827               0    -0.000114608       -0.165535               0     4.89939e-13       0.0247913        -6.32459
              79       0.0727831       9.999e-05         43.1922    -2.86115e-05        -1.24647         3.51144         2.62479         3.49963         3.01493               0        0.453722       0.0742422       0.0742512       0.0999678               0    -0.000162124       -0.186153               0     -2.2479e-12       0.0247913        -5.77105
              80       0.0686918       9.999e-05         43.1922    -2.60406e-05        -1.28598          3.1611         2.44609         3.26138         2.85394               0        0.460822       0.0604014       0.0604089       0.0829324               0    -0.000194682        -0.19906               0    -5.05685e-12       0.0247913         -5.2525
              81       0.0648305       9.999e-05         43.1922    -2.36465e-05         -1.3223         2.84256           2.267         3.02261         2.68254               0        0.467243       0.0490017       0.0490078       0.0684582               0     -0.00021522       -0.205583               0    -7.93449e-12       0.0247913        -4.76959
              82       0.0611862       9.999e-05         43.1922    -2.14284e-05        -1.35556         2.55357           2.091         2.78795         2.50586               0         0.47304       0.0396538       0.0396588       0.0562613               0    -0.000226272       -0.206956               0    -1.09085e-11       0.0247913        -4.32219
              83       0.0577468       9.999e-05         43.1922    -1.93825e-05        -1.38594         2.29191         1.92067         2.56086          2.3281               0        0.478265       0.0320181       0.0320222       0.0460567               0    -0.000229987       -0.204291               0    -1.39638e-11       0.0247913        -3.90954
              84       0.0545008       9.999e-05         43.1922    -1.75032e-05        -1.41361          2.0554         1.75784         2.34376         2.15259               0         0.48297       0.0258021       0.0258054       0.0375723               0     -0.00022815       -0.198555               0    -2.75334e-11       0.0247913        -3.53046
              85       0.0514372       9.999e-05         43.1922    -1.57827e-05        -1.43874         1.84197         1.60373         2.13829         1.98191               0          0.4872       0.0207568       0.0207594       0.0305566               0    -0.000222227       -0.190574               0    -3.04879e-11       0.0247913        -3.18344
              86       0.0485458       9.999e-05         43.1922    -1.42126e-05        -1.46153         1.64963         1.45908         1.94542         1.81796               0        0.490999       0.0166723       0.0166744       0.0247829               0    -0.000213403       -0.181035               0    -3.35964e-11       0.0247913        -2.86674
              87       0.0458169       9.999e-05         43.1922    -1.27836e-05        -1.48214         1.47652         1.32425         1.76565         1.66208               0        0.494409       0.0133732        0.013375       0.0200514               0    -0.000202621       -0.170501               0    -3.68734e-11       0.0247913        -2.57851
              88       0.0432414       9.999e-05         43.1922    -1.14862e-05        -1.50076         1.32089          1.1993         1.59905         1.51513               0        0.497466        0.010714       0.0107154       0.0161882               0    -0.000190621       -0.159419               0    -4.03446e-11       0.0247913        -2.31682
              89       0.0408107       9.999e-05         43.1922    -1.03108e-05        -1.51756         1.18112         1.08409         1.44545          1.3776               0        0.500205      0.00857436       0.0085755       0.0130443               0    -0.000177976       -0.148141               0    -4.39851e-11       0.0247913        -2.07973
              90       0.0385167       9.999e-05         43.1922    -9.24786e-06        -1.53269          1.0557        0.978323         1.30442         1.24969               0        0.502658      0.00685544      0.00685636        0.010493               0    -0.000165122       -0.136937               0    -4.78109e-11       0.0247913        -1.86533
              91       0.0363516       9.999e-05         43.1922    -8.28831e-06        -1.54629        0.943241        0.881575         1.17543         1.13136               0        0.504853      0.00547648      0.00547721      0.00842793               0     -0.00015238       -0.126007               0    -5.18699e-11       0.0247913        -1.67178
              92       0.0343082       9.999e-05         43.1922    -7.42335e-06        -1.55852        0.842485        0.793362         1.05781         1.02239               0        0.506816      0.00437159      0.00437218      0.00676016               0    -0.000139987       -0.115494               0    -5.61425e-11       0.0247913        -1.49732
              93       0.0323796       9.999e-05         43.1922    -6.64469e-06        -1.56949        0.752269        0.713154        0.950867        0.922433               0        0.508571      0.00348728      0.00348775      0.00541591               0    -0.000128104       -0.105498               0    -6.06604e-11       0.0247913        -1.34026
              94       0.0305595       9.999e-05         43.1922    -5.94454e-06        -1.57934        0.671536        0.640402        0.853866        0.831072               0        0.510139      0.00278019      0.00278057      0.00433434               0     -0.00011684      -0.0960815               0    -6.79252e-11       0.0247913        -1.19904
              95       0.0288417       9.999e-05         43.1922    -5.31564e-06        -1.58816        0.599325        0.574553        0.766068        0.747817               0         0.51154      0.00221531       0.0022156      0.00346548               0     -0.00010626      -0.0872784               0    -7.29405e-11       0.0247913        -1.07219
              96       0.0272204       9.999e-05         43.1922    -4.75127e-06        -1.59606        0.534766        0.515062        0.686747        0.672148               0        0.512791      0.00176436       0.0017646      0.00276844               0    -9.63976e-05      -0.0791016               0    -7.82475e-11       0.0247913        -0.95835
              97       0.0256903       9.999e-05         43.1922    -4.24521e-06        -1.60314        0.477072        0.461403        0.615202        0.603535               0        0.513908      0.00140462      0.00140481      0.00220995               0    -8.72604e-05      -0.0715478               0    -8.38572e-11       0.0247913       -0.856277
              98       0.0242462       9.999e-05         43.1922    -3.79178e-06        -1.60947         0.42553        0.413074        0.550763        0.541447               0        0.514905      0.00111781      0.00111797      0.00176294               0    -7.88396e-05      -0.0646019               0    -8.97973e-11       0.0247913       -0.764817
              99       0.0228833       9.999e-05         43.1922    -3.38576e-06        -1.61512          0.3795        0.369599        0.492798        0.485364               0        0.515794     0.000889273     0.000889394      0.00140551               0    -7.11139e-05      -0.0582401               0    -9.60865e-11       0.0247913       -0.682922
             100        0.021597       9.999e-05         43.1922    -3.02241e-06        -1.62018        0.338404        0.330536        0.440714        0.434786               0        0.516587      0.00070725     0.000707346      0.00111996               0    -6.40516e-05      -0.0524332               0    -1.02747e-10       0.0247913       -0.609633
             101       0.0203829       9.999e-05         43.1922    -2.69742e-06         -1.6247        0.301723        0.295471        0.393961        0.389236               0        0.517295     0.000562337     0.000562413        0.000892               0    -5.76192e-05      -0.0471485               0    -1.09789e-10       0.0247913        -0.54408
             102       0.0192372       9.999e-05         43.1922    -2.40685e-06        -1.62874        0.268988        0.264022        0.352029        0.348265               0        0.517926     0.000447011     0.000447072     0.000710141               0    -5.17713e-05      -0.0423513               0     -1.1725e-10       0.0247913       -0.485472
             103       0.0181558       9.999e-05         43.1922    -2.14718e-06        -1.63234        0.239783        0.235838        0.314451        0.311453               0        0.518488     0.000355263     0.000355311     0.000565148               0    -4.64716e-05      -0.0380063               0    -1.25148e-10       0.0247913       -0.433095
             104       0.0171352       9.999e-05         43.1922     -1.9152e-06        -1.63555         0.21373        0.210597        0.280796        0.278411               0         0.51899     0.000282294     0.000282332     0.000449609               0    -4.16786e-05      -0.0340787               0    -1.33514e-10       0.0247913       -0.386304
             105        0.016172       9.999e-05         43.1922    -1.70803e-06        -1.63842        0.190494        0.188006        0.250675        0.248776               0        0.519437     0.000224275     0.000224305     0.000357585               0    -3.73717e-05      -0.0305344               0    -1.42373e-10       0.0247913       -0.344517
             106        0.015263       9.999e-05         43.1922    -1.52306e-06        -1.64098        0.169772        0.167797        0.223729        0.222219               0        0.519835     0.000178154     0.000178178     0.000284321               0    -3.34625e-05      -0.0273408               0    -1.51754e-10       0.0247913       -0.307208
             107        0.014405       9.999e-05         43.1922    -1.35797e-06        -1.64327        0.151296        0.149727        0.199636        0.198436               0         0.52019     0.000141499     0.000141519     0.000226014               0     -2.9951e-05       -0.024467               0    -1.61691e-10       0.0247913       -0.273907
             108       0.0135953       9.999e-05         43.1922    -1.21064e-06         -1.6453        0.134823        0.133578        0.178104        0.177149               0        0.520506     0.000112373     0.000112389     0.000179627               0    -2.67915e-05       -0.021884               0    -1.72556e-10       0.0247913        -0.24419
             109        0.012831       9.999e-05         43.1922    -1.07919e-06        -1.64712        0.120138        0.119149        0.158866        0.158107               0        0.520787      8.9233e-05     8.92452e-05     0.000142734               0    -2.39625e-05      -0.0195647               0    -1.83695e-10       0.0247913       -0.217676
             110       0.0121098       9.999e-05         43.1922     -9.6193e-07        -1.64874        0.107048        0.106263        0.141684        0.141081               0        0.521038     7.08514e-05     7.08611e-05       0.0001134               0    -2.13997e-05      -0.0174841               0    -1.95493e-10       0.0247913       -0.194025
             111       0.0114291       9.999e-05         43.1922    -8.57348e-07        -1.65018       0.0953804       0.0947575        0.126343        0.125864               0        0.521261     5.62517e-05     5.62594e-05     9.00805e-05               0    -1.91861e-05      -0.0156191               0     -2.0799e-10       0.0247913       -0.172931
             112       0.0107866       9.999e-05         43.1922    -7.64086e-07        -1.65146       0.0849817       0.0844873         0.11265        0.112269               0         0.52146     4.46571e-05     4.46632e-05     7.15472e-05               0    -1.70646e-05      -0.0139485               0    -2.21232e-10       0.0247913       -0.154119
             113       0.0101803       9.999e-05         43.1922    -6.80928e-07        -1.65261       0.0757145       0.0753221        0.100429        0.100127               0        0.521637     3.54501e-05     3.54549e-05     5.68203e-05               0    -1.52517e-05      -0.0124531               0    -2.35261e-10       0.0247913       -0.137346
             114      0.00960802       9.999e-05         43.1922    -6.06789e-07        -1.65363       0.0674562       0.0671448       0.0895263       0.0892863               0        0.521795     2.81397e-05     2.81436e-05     4.51201e-05               0     -1.3524e-05      -0.0111152               0    -2.21329e-10       0.0247913       -0.122392
             115      0.00906793       9.999e-05         43.1922    -5.40697e-07        -1.65454       0.0600973       0.0598501       0.0798001       0.0796095               0        0.521936     2.23357e-05     2.23388e-05     3.58258e-05               0     -1.2131e-05     -0.00991883               0    -1.97141e-10       0.0247913       -0.109061
             116       0.0085582       9.999e-05         43.1922    -4.81784e-07        -1.65536         0.05354       0.0533439       0.0711251       0.0709738               0        0.522063      1.7728e-05     1.77305e-05     2.84438e-05               0     -1.0838e-05     -0.00884943               0    -1.75597e-10       0.0247913      -0.0971777
             117      0.00807713       9.999e-05         43.1922    -4.29273e-07        -1.65608       0.0476973       0.0475417       0.0633889       0.0632687               0        0.522175     1.40703e-05     1.40722e-05     2.25811e-05               0    -9.66268e-06     -0.00789392               0    -1.56407e-10       0.0247913      -0.0865862
             118      0.00762309       9.999e-05         43.1922    -3.82473e-07        -1.65673       0.0424915        0.042368       0.0564906       0.0563952               0        0.522275     1.11668e-05     1.11684e-05     1.79257e-05               0    -8.46116e-06     -0.00704047               0    -1.39314e-10       0.0247913      -0.0771464
             119      0.00719458       9.999e-05         43.1922    -3.40765e-07         -1.6573       0.0378533       0.0377553       0.0503404       0.0502646               0        0.522364     8.86222e-06     8.86344e-06     1.42292e-05               0    -7.69019e-06      -0.0062784               0    -1.24089e-10       0.0247913      -0.0687338
             120      0.00679016       9.999e-05         43.1922    -3.03598e-07        -1.65782        0.033721       0.0336432       0.0448576       0.0447974               0        0.522444     7.03303e-06       7.034e-06     1.12944e-05               0    -6.85777e-06     -0.00559811               0    -1.10527e-10       0.0247913      -0.0612369
             121      0.00640847       9.999e-05         43.1922    -2.70477e-07        -1.65827       0.0300394       0.0299776       0.0399702       0.0399225               0        0.522514     5.58125e-06     5.58202e-06     8.96445e-06               0    -6.10865e-06     -0.00499097               0    -9.84474e-11       0.0247913      -0.0545564
             122      0.00604824       9.999e-05         43.1922    -2.40965e-07        -1.65868       0.0267594       0.0267105       0.0356139       0.0355761               0        0.522577     4.42905e-06     4.42965e-06     7.11488e-06               0    -5.45673e-06     -0.00444924               0    -8.76874e-11       0.0247913      -0.0486036
             123      0.00570825       9.999e-05         43.1922    -2.14669e-07        -1.65904       0.0238374       0.0237985       0.0317314       0.0317013               0        0.522634     3.51463e-06     3.51512e-06     5.64671e-06               0    -4.85271e-06     -0.00396595               0    -7.81034e-11       0.0247913      -0.0432996
             124      0.00538738       9.999e-05         43.1922    -1.91239e-07        -1.65937       0.0212343       0.0212034       0.0282713       0.0282474               0        0.522684     2.78896e-06     2.78934e-06     4.48135e-06               0     -4.3321e-06     -0.00353489               0    -6.95668e-11       0.0247913      -0.0385738
             125      0.00508454       9.999e-05         43.1922    -1.70364e-07        -1.65966       0.0189153       0.0188908       0.0251877       0.0251688               0        0.522728     2.21308e-06     2.21338e-06     3.55639e-06               0    -3.85979e-06     -0.00315045               0    -6.19629e-11       0.0247913      -0.0343632
             126      0.00479873       9.999e-05         43.1922    -1.51766e-07        -1.65991       0.0168494         0.01683         0.02244        0.022425               0        0.522768     1.75609e-06     1.75633e-06     2.82228e-06               0    -3.42253e-06     -0.00280765               0    -5.51897e-11       0.0247913      -0.0306118
             127      0.00452898       9.999e-05         43.1922    -1.35196e-07        -1.66014       0.0150091       0.0149937       0.0199916       0.0199797               0        0.522803     1.39344e-06     1.39363e-06     2.23964e-06               0    -3.15836e-06     -0.00250201               0    -4.91566e-11       0.0247913      -0.0272697
             128       0.0042744       9.999e-05         43.1922    -1.20435e-07        -1.66034       0.0133697       0.0133575         0.01781       0.0178005               0        0.522835     1.10567e-06     1.10583e-06     1.77725e-06               0    -2.73119e-06     -0.00222953               0    -4.37828e-11       0.0247913      -0.0242921
             129      0.00403412       9.999e-05         43.1922    -1.07284e-07        -1.66053       0.0119093       0.0118996       0.0158662       0.0158587               0        0.522863     8.77326e-07     8.77446e-07      1.4103e-06               0    -2.43363e-06     -0.00198663               0     -3.8996e-11       0.0247913      -0.0216395
             130      0.00380736       9.999e-05         43.1922    -9.55678e-08        -1.66069       0.0106084       0.0106007       0.0141343       0.0141284               0        0.522888      6.9613e-07     6.96226e-07      1.1191e-06               0    -2.15879e-06     -0.00177013               0    -3.47557e-11       0.0247913      -0.0192764
             131      0.00359334       9.999e-05         43.1922    -8.51308e-08        -1.66083       0.0094496      0.00944349       0.0125913       0.0125866               0         0.52291     5.52353e-07     5.52429e-07     8.88007e-07               0    -1.94143e-06     -0.00157717               0     -3.0957e-11       0.0247913      -0.0171712
             132      0.00339135       9.999e-05         43.1922    -7.58331e-08        -1.66096      0.00841732      0.00841247       0.0112166       0.0112129               0         0.52293     4.38268e-07     4.38328e-07     7.04628e-07               0    -1.72935e-06      -0.0014052               0     -2.7578e-11       0.0247913      -0.0152958
             133      0.00320071       9.999e-05         43.1922    -6.75505e-08        -1.66107      0.00749779      0.00749394      0.00999192      0.00998894               0        0.522948     3.47744e-07     3.47792e-07     5.59112e-07               0    -1.53397e-06     -0.00125194               0    -2.45642e-11       0.0247913      -0.0136252
             134      0.00302079       9.999e-05         43.1922    -6.01722e-08        -1.66118      0.00667869      0.00667564      0.00890085      0.00889849               0        0.522963     2.75917e-07     2.75954e-07     4.43642e-07               0    -1.36387e-06     -0.00111538               0    -2.18798e-11       0.0247913       -0.012137
             135      0.00285099       9.999e-05         43.1922    -5.35995e-08        -1.66127      0.00594906      0.00594664      0.00792885      0.00792697               0        0.522977     2.18924e-07     2.18954e-07     3.52016e-07               0    -1.42033e-06    -0.000993683               0    -1.94887e-11       0.0247913      -0.0108112
             136      0.00269073       9.999e-05         43.1922    -4.77446e-08        -1.66135      0.00529913      0.00529721      0.00706294      0.00706145               0         0.52299     1.73703e-07     1.73727e-07     2.79312e-07               0    -1.08987e-06     -0.00088525               0    -1.73588e-11       0.0247913     -0.00963029
             137      0.00253948       9.999e-05         43.1922    -4.25291e-08        -1.66142      0.00472019      0.00471867      0.00629156      0.00629038               0        0.523001     1.37822e-07     1.37841e-07     2.21622e-07               0     -9.6653e-07    -0.000788636               0    -1.54617e-11       0.0247913      -0.0085783
             138      0.00239673       9.999e-05         43.1922    -3.78832e-08        -1.66148       0.0042045      0.00420329      0.00560439      0.00560345               0        0.523011     1.09353e-07     1.09368e-07     1.75846e-07               0    -9.52701e-07    -0.000702555               0    -1.37718e-11       0.0247913      -0.0076412
             139        0.002262       9.999e-05         43.1922    -3.37447e-08        -1.66154      0.00374514      0.00374418      0.00499224       0.0049915               0         0.52302     8.67637e-08     8.67756e-08     1.39525e-07               0    -7.70825e-07    -0.000625862               0    -1.22666e-11       0.0247913     -0.00680645
             140      0.00213485       9.999e-05         43.1922    -3.00583e-08        -1.66159      0.00333597      0.00333521      0.00444694      0.00444635               0        0.523027     6.88407e-08     6.88502e-08     1.10705e-07               0    -6.81572e-07    -0.000557533               0    -1.09259e-11       0.0247913     -0.00606288
             141      0.00201485       9.999e-05         43.1922    -2.67745e-08        -1.66164      0.00297149      0.00297089      0.00396118      0.00396072               0        0.523034       5.462e-08     5.46275e-08     8.78375e-08               0    -5.85573e-07    -0.000496659               0    -9.73165e-12       0.0247913     -0.00540052
             142      0.00190159       9.999e-05         43.1922    -2.38494e-08        -1.66168      0.00264684      0.00264636      0.00352848       0.0035281               0        0.523041     4.33369e-08     4.33428e-08     6.96935e-08               0    -5.65955e-07    -0.000442427               0    -8.66799e-12       0.0247913     -0.00481052
             143      0.00179469       9.999e-05         43.1922    -2.12438e-08        -1.66171      0.00235765      0.00235727      0.00314302      0.00314273               0        0.523046     3.43845e-08     3.43892e-08     5.52971e-08               0    -4.85897e-07    -0.000394114               0    -7.72054e-12       0.0247913     -0.00428496
             144      0.00169381       9.999e-05         43.1922    -1.89229e-08        -1.66175      0.00210006      0.00209975      0.00279967      0.00279944               0        0.523051     2.72814e-08     2.72851e-08     4.38744e-08               0    -4.90647e-07    -0.000351073               0    -6.87662e-12       0.0247913     -0.00381682
             145       0.0015986       9.999e-05         43.1922    -1.68555e-08        -1.66177      0.00187061      0.00187037      0.00249382      0.00249364               0        0.523056     2.16456e-08     2.16486e-08     3.48112e-08               0    -3.68328e-07    -0.000312731               0    -6.12491e-12       0.0247913     -0.00339982
             146      0.00150874       9.999e-05         43.1922    -1.50139e-08         -1.6618      0.00166622      0.00166603      0.00222138      0.00222123               0         0.52306      1.7174e-08     1.71764e-08     2.76201e-08               0    -3.84885e-07    -0.000278575               0    -5.45544e-12       0.0247913     -0.00302837
             147      0.00142393       9.999e-05         43.1922    -1.33736e-08        -1.66182      0.00148417      0.00148402      0.00197869      0.00197858               0        0.523063     1.36262e-08      1.3628e-08     2.19145e-08               0    -3.00952e-07    -0.000248147               0    -4.85903e-12       0.0247913      -0.0026975
             148      0.00134389       9.999e-05         43.1922    -1.19124e-08        -1.66184      0.00132201      0.00132189      0.00176252      0.00176243               0        0.523066     1.08112e-08     1.08127e-08     1.73875e-08               0    -2.59401e-07    -0.000221043               0    -4.32779e-12       0.0247913     -0.00240278
             149      0.00126834       9.999e-05         43.1922    -1.06109e-08        -1.66186      0.00117757      0.00117747      0.00156996      0.00156989               0        0.523069     8.57781e-09     8.57899e-09     1.37956e-08               0     -2.1778e-07    -0.000196897               0    -3.85462e-12       0.0247913     -0.00214026
             150      0.00119705       9.999e-05         43.1922    -9.45156e-09        -1.66188       0.0010489      0.00104883      0.00139844      0.00139838               0        0.523071     6.80577e-09      6.8067e-09     1.09457e-08               0    -2.01192e-07    -0.000175389               0    -3.43314e-12       0.0247913     -0.00190642
             151      0.00112976       9.999e-05         43.1922    -8.41889e-09        -1.66189     0.000934298     0.000934238      0.00124565       0.0012456               0        0.523074      5.3998e-09     5.40054e-09     8.68452e-09               0     -1.8987e-07     -0.00015623               0    -3.05772e-12       0.0247913     -0.00169812
             152      0.00106625       9.999e-05         43.1922    -7.49905e-09         -1.6619     0.000832214     0.000832167      0.00110956      0.00110952               0        0.523076     4.28428e-09     4.28486e-09     6.89045e-09               0    -1.52881e-07    -0.000139163               0    -2.72333e-12       0.0247913     -0.00151259
             153      0.00100632       9.999e-05         43.1922     -6.6797e-09        -1.66191     0.000741285     0.000741247     0.000988329       0.0009883               0        0.523077      3.3992e-09     3.39967e-09       5.467e-09               0    -1.51416e-07     -0.00012396               0    -2.42548e-12       0.0247913     -0.00134732
             154     0.000949748       9.999e-05         43.1922    -5.94987e-09        -1.66192      0.00066029      0.00066026     0.000880347     0.000880324               0        0.523079     2.69697e-09     2.69734e-09     4.33761e-09               0    -3.28324e-07    -0.000110418               0    -2.16017e-12       0.0247913     -0.00120011
             155     0.000896361       9.999e-05         43.1922    -5.29978e-09        -1.66193     0.000588145     0.000588121     0.000784161     0.000784143               0         0.52308     2.13981e-09     2.14011e-09     3.44153e-09               0    -1.21095e-07    -9.83548e-05               0    -1.92387e-12       0.0247913     -0.00106899
             156     0.000845975       9.999e-05         43.1922    -4.72072e-09        -1.66194     0.000523882     0.000523863     0.000698485      0.00069847               0        0.523081     1.69775e-09     1.69799e-09     2.73056e-09               0    -8.93498e-08    -8.76095e-05               0    -1.71338e-12       0.0247913    -0.000952188
             157     0.000798421       9.999e-05         43.1922    -4.20492e-09        -1.66195     0.000466641     0.000466626     0.000622168     0.000622157               0        0.523083     1.34702e-09      1.3472e-09     2.16646e-09               0    -9.10718e-08     -7.8038e-05               0    -1.52589e-12       0.0247913     -0.00084815
             158      0.00075354       9.999e-05         43.1922    -3.74548e-09        -1.66195     0.000415654     0.000415643      0.00055419     0.000554181               0        0.523083     1.06874e-09     1.06889e-09      1.7189e-09               0     9.44168e-08    -6.95121e-05               0     -1.3589e-12       0.0247913    -0.000755479
             159     0.000711181       9.999e-05         43.1922    -3.33624e-09        -1.66196     0.000370239     0.000370229     0.000493639     0.000493632               0        0.523085     8.47951e-10     8.48068e-10      1.3638e-09               0    -1.15304e-07    -6.19176e-05               0    -1.21016e-12       0.0247913    -0.000672934
             160     0.000671204       9.999e-05         43.1922    -2.97172e-09        -1.66197     0.000329785     0.000329778     0.000439703     0.000439698               0        0.523085     6.72775e-10     6.72867e-10     1.08206e-09               0     -8.6712e-08    -5.51527e-05               0    -1.07767e-12       0.0247913    -0.000599407
             161     0.000633475       9.999e-05         43.1922    -2.64702e-09        -1.66197     0.000293751     0.000293746     0.000391661     0.000391656               0        0.523086     5.33787e-10      5.3386e-10     8.58518e-10               0    -6.09863e-08    -4.91269e-05               0    -9.59665e-13       0.0247913    -0.000533914
             162     0.000597866       9.999e-05         43.1922     -2.3578e-09        -1.66197     0.000261655      0.00026165     0.000348867     0.000348864               0        0.523087     4.23513e-10     4.23571e-10     6.81158e-10               0    -6.26028e-08    -4.37594e-05               0    -8.54558e-13       0.0247913    -0.000475577
             163     0.000564258       9.999e-05         43.1922    -2.10018e-09        -1.66198     0.000233066     0.000233062     0.000310749     0.000310746               0        0.523087     3.36019e-10     3.36065e-10     5.40439e-10               0    -8.97935e-08    -3.89783e-05               0    -7.60935e-13       0.0247913    -0.000423614
             164      0.00053254       9.999e-05         43.1922     -1.8707e-09        -1.66198       0.0002076     0.000207597     0.000276796     0.000276794               0        0.523088     2.66602e-10     2.66638e-10     4.28791e-10               0     -4.5041e-08    -3.47196e-05               0     -6.7755e-13       0.0247913    -0.000377329
             165     0.000502605       9.999e-05         43.1922     -1.6663e-09        -1.66198     0.000184917     0.000184914     0.000246553     0.000246551               0        0.523088     2.11524e-10     2.11553e-10     3.40208e-10               0    -7.54533e-08    -3.09262e-05               0    -6.03279e-13       0.0247913      -0.0003361
             166     0.000474352       9.999e-05         43.1922    -1.48424e-09        -1.66199     0.000164712      0.00016471     0.000219614     0.000219612               0        0.523088     1.67826e-10     1.67849e-10     2.69925e-10               0    -3.28109e-08    -2.75472e-05               0    -5.37127e-13       0.0247913    -0.000299377
             167     0.000447688       9.999e-05         43.1922    -1.32206e-09        -1.66199     0.000146715     0.000146713     0.000195618     0.000195617               0        0.523089     1.33155e-10     1.33173e-10     2.14161e-10               0    -2.47573e-08    -2.45373e-05               0    -4.78206e-13       0.0247913    -0.000266666
             168     0.000422522       9.999e-05         43.1922    -1.17761e-09        -1.66199     0.000130684     0.000130683     0.000174244     0.000174243               0        0.523089     1.05646e-10     1.05661e-10     1.69918e-10               0    -3.26259e-08    -2.18564e-05               0    -4.25728e-13       0.0247913    -0.000237529
             169     0.000398772       9.999e-05         43.1922    -1.04894e-09        -1.66199     0.000116405     0.000116404     0.000155206     0.000155205               0        0.523089     8.38209e-11     8.38324e-11     1.34815e-10               0     -2.7469e-08    -1.94683e-05               0    -3.78988e-13       0.0247913    -0.000211576
             170     0.000376356       9.999e-05         43.1922    -9.34329e-10        -1.66199     0.000103686     0.000103685     0.000138247     0.000138247               0         0.52309     6.65043e-11     6.65135e-11     1.06963e-10               0    -3.80414e-08    -1.73412e-05               0    -3.37358e-13       0.0247913    -0.000188458
             171       0.0003552       9.999e-05         43.1922    -8.32241e-10        -1.66199      9.2357e-05     9.23564e-05     0.000123142     0.000123141               0         0.52309     5.27652e-11     5.27725e-11     8.48659e-11               0    -2.80274e-08    -1.54464e-05               0     -3.0028e-13       0.0247913    -0.000167866
             172     0.000335233       9.999e-05         43.1922    -7.41307e-10          -1.662     8.22657e-05     8.22652e-05     0.000109687     0.000109687               0         0.52309     4.18645e-11     4.18702e-11     6.73335e-11               0    -1.49961e-08    -1.37587e-05               0    -2.67257e-13       0.0247913    -0.000149525
             173     0.000316389       9.999e-05         43.1922    -6.60308e-10          -1.662      7.3277e-05     7.32766e-05     9.77021e-05     9.77018e-05               0         0.52309     3.32157e-11     3.32203e-11     5.34231e-11               0    -1.47332e-08    -1.22554e-05               0    -2.37846e-13       0.0247913    -0.000133187
             174     0.000298604       9.999e-05         43.1922     -5.8816e-10          -1.662     6.52704e-05     6.52701e-05     8.70268e-05     8.70266e-05               0         0.52309     2.63537e-11     2.63573e-11     4.23864e-11               0    -2.21298e-08    -1.09164e-05               0    -2.11653e-13       0.0247913    -0.000118634
             175     0.000281819       9.999e-05         43.1922    -5.23896e-10          -1.662     5.81387e-05     5.81384e-05     7.75179e-05     7.75177e-05               0         0.52309     2.09094e-11     2.09123e-11     3.36298e-11               0     7.23721e-08     -9.7236e-06               0    -1.88324e-13       0.0247913    -0.000105672
             176     0.000265977       9.999e-05         43.1922    -4.66652e-10          -1.662     5.17862e-05      5.1786e-05      6.9048e-05     6.90479e-05               0        0.523091     1.65896e-11     1.65919e-11     2.66822e-11               0    -9.71004e-09    -8.66117e-06               0    -1.67548e-13       0.0247913    -9.41257e-05
             177     0.000251026       9.999e-05         43.1922    -4.15664e-10          -1.662     4.61278e-05     4.61277e-05     6.15035e-05     6.15034e-05               0        0.523091     1.31623e-11     1.31642e-11       2.117e-11               0    -2.88893e-08    -7.71482e-06               0    -1.49046e-13       0.0247913    -8.38411e-05
             178     0.000236916       9.999e-05         43.1922    -3.70247e-10          -1.662     4.10877e-05     4.10876e-05     5.47834e-05     5.47833e-05               0        0.523091     1.04432e-11     1.04446e-11     1.67965e-11               0    -4.88062e-09    -6.87187e-06               0    -1.32568e-13       0.0247913    -7.46803e-05
             179     0.000223598       9.999e-05         43.1922    -3.29792e-10          -1.662     3.65983e-05     3.65982e-05     4.87975e-05     4.87975e-05               0        0.523089     8.28581e-12     8.28695e-12     1.33265e-11               0     1.07265e-07    -6.12103e-06               0    -1.17894e-13       0.0247913    -6.65204e-05
             180     0.000211029       9.999e-05         43.1922    -2.93758e-10          -1.662     3.25994e-05     3.25993e-05     4.34657e-05     4.34657e-05               0        0.523091     6.57397e-12     6.57487e-12     1.05734e-11               0     4.12046e-09    -5.45222e-06               0    -1.04827e-13       0.0247913    -5.92521e-05
             181     0.000199167       9.999e-05         43.1922     -2.6166e-10          -1.662     2.90374e-05     2.90374e-05     3.87165e-05     3.87164e-05               0        0.523091     5.21586e-12     5.21657e-12     8.38901e-12               0     1.28434e-08    -4.85649e-06               0     -9.3191e-14       0.0247913    -5.27779e-05
             182     0.000187971       9.999e-05         43.1922     -2.3307e-10          -1.662     2.58647e-05     2.58646e-05     3.44861e-05     3.44861e-05               0         0.52309     4.13833e-12      4.1389e-12     6.65592e-12               0      3.5126e-08    -4.32585e-06               0    -8.45264e-14       0.0247913    -4.70112e-05
             183     0.000177405       9.999e-05         43.1922    -2.07604e-10          -1.662     2.30386e-05     2.30385e-05      3.0718e-05      3.0718e-05               0        0.523091     3.28337e-12     3.28382e-12     5.28088e-12               0     5.64518e-09    -3.85319e-06               0    -7.52654e-14       0.0247913    -4.18745e-05
             184     0.000167432       9.999e-05         43.1922     -1.8492e-10          -1.662     2.05213e-05     2.05212e-05     2.73617e-05     2.73616e-05               0        0.523091     2.60505e-12     2.60541e-12      4.1899e-12               0    -1.20604e-08    -3.43218e-06               0    -6.70158e-14       0.0247913    -3.72991e-05
             185     0.000158021       9.999e-05         43.1922    -1.64715e-10          -1.662      1.8279e-05      1.8279e-05      2.4372e-05      2.4372e-05               0        0.523091     2.06688e-12     2.06716e-12     3.32431e-12               0    -3.78805e-09    -3.05716e-06               0     -5.9667e-14       0.0247913    -3.32237e-05
             186     0.000149138       9.999e-05         43.1922    -1.46717e-10          -1.662     1.62818e-05     1.62818e-05      2.1709e-05      2.1709e-05               0        0.523092     1.63987e-12      1.6401e-12     2.63754e-12               0    -1.92346e-08    -2.72313e-06               0    -5.31202e-14       0.0247913    -2.95935e-05
             187     0.000140755       9.999e-05         43.1922    -1.30686e-10          -1.662     1.45028e-05     1.45027e-05      1.9337e-05      1.9337e-05               0        0.523092     1.30109e-12     1.30127e-12     2.09265e-12               0    -1.64502e-08    -2.42559e-06               0    -4.72878e-14       0.0247913      -2.636e-05
             188     0.000132843       9.999e-05         43.1922    -1.16407e-10          -1.662     1.29181e-05     1.29181e-05     1.72241e-05     1.72241e-05               0        0.523092      1.0323e-12     1.03244e-12     1.66033e-12               0    -1.38199e-08    -2.16056e-06               0    -4.20918e-14       0.0247913    -2.34798e-05
             189     0.000125375       9.999e-05         43.1922    -1.03688e-10          -1.662     1.15066e-05     1.15066e-05     1.53422e-05     1.53422e-05               0        0.523091     8.19039e-13     8.19152e-13     1.31732e-12               0    -2.27768e-09    -1.92448e-06               0    -3.74623e-14       0.0247913    -2.09143e-05
             190     0.000118328       9.999e-05         43.1922    -9.23585e-11          -1.662     1.02494e-05     1.02494e-05     1.36658e-05     1.36658e-05               0        0.523092      6.4983e-13      6.4992e-13     1.04518e-12               0    -1.45025e-08    -1.71421e-06               0    -3.33376e-14       0.0247913    -1.86291e-05
             191     0.000111676       9.999e-05         43.1922     -8.2267e-11          -1.662     9.12947e-06     9.12946e-06     1.21726e-05     1.21726e-05               0        0.523097     5.15564e-13     5.15635e-13     8.29252e-13               0    -8.97224e-08    -1.52691e-06               0    -2.96621e-14       0.0247913    -1.65936e-05
             192     0.000105399       9.999e-05         43.1922    -7.32781e-11          -1.662     8.13194e-06     8.13194e-06     1.08426e-05     1.08426e-05               0         0.52309     4.09074e-13      4.0913e-13     6.57937e-13               0     1.84758e-08    -1.36007e-06               0    -2.63867e-14       0.0247913    -1.47805e-05
             193     9.94739e-05       9.999e-05         43.1922    -6.52714e-11        -1.66201     7.24341e-06     7.24341e-06     9.65788e-06     9.65787e-06               0        0.523101     3.24538e-13     3.24583e-13     5.22013e-13               0    -1.17181e-07    -1.21146e-06               0    -2.34676e-14       0.0247913    -1.31655e-05
             194     9.38822e-05       9.999e-05         43.1922    -5.81396e-11        -1.66201     6.45196e-06     6.45196e-06     8.60261e-06     8.60261e-06               0        0.523091      2.5751e-13     2.57545e-13      4.1417e-13               0     4.40398e-09    -1.07909e-06               0     -2.0994e-14       0.0247913     -1.1727e-05
             195     8.86049e-05       9.999e-05         43.1922     -5.1787e-11        -1.66201     5.74699e-06     5.74699e-06     7.66265e-06     7.66265e-06               0        0.523086     2.04318e-13     2.04346e-13     3.28607e-13               0     5.33422e-08    -9.61186e-07               0    -1.86827e-14       0.0247913    -1.04456e-05
             196     8.36242e-05       9.999e-05         43.1922    -4.61285e-11        -1.66201     5.11905e-06     5.11905e-06      6.8254e-06      6.8254e-06               0        0.523101     1.62091e-13     1.62113e-13      2.6072e-13               0    -8.58372e-08    -8.56163e-07               0     -1.6623e-14       0.0247913    -9.30431e-06
             197     7.89235e-05       9.999e-05         43.1922    -4.10883e-11        -1.66201     4.55972e-06     4.55972e-06     6.07962e-06     6.07962e-06               0        0.523098     1.28607e-13     1.28625e-13     2.06858e-13               0    -4.82149e-08    -7.62614e-07               0    -1.48136e-14       0.0247913    -8.28768e-06
             198     7.44871e-05       9.999e-05         43.1922    -3.65988e-11        -1.66201      4.0615e-06      4.0615e-06     5.41534e-06     5.41534e-06               0        0.523091     1.02043e-13     1.02057e-13     1.64123e-13               0     3.74226e-09    -6.79288e-07               0    -1.31835e-14       0.0247913    -7.38213e-06
             199        7.03e-05       9.999e-05         43.1922    -3.25999e-11        -1.66201     3.61773e-06     3.61772e-06     4.82363e-06     4.82363e-06               0        0.523091     8.09621e-14     8.09732e-14     1.30217e-13               0     3.46278e-09    -6.05066e-07               0    -1.17318e-14       0.0247913    -6.57552e-06
