               0           14.06           0.002         495.937     -0.00457559    -4.04857e-05         478.016         80.1852     3.18716e-05     -0.00114448               0     1.71119e-05        0.450932          1.1439         1.14283               0       1.453e-06    -0.000335228               0     2.15162e-09      0.00295721        -386.816
               1         13.2235           0.002         495.937     -0.00452435    -4.52568e-05         472.656         79.2865     3.56149e-05      0.00133074               0     1.91287e-05         0.44588         1.13109         1.12541               0     1.62274e-06     0.000222378               0     1.96703e-09      0.00295721        -382.485
               2         12.4368           0.002         495.937     -0.00447292    -5.05814e-05         467.275          78.384     3.98009e-05    -0.000654676               0     2.13794e-05         0.44081         1.11823         1.11055               0     1.81303e-06    -0.000365537               0     1.92331e-09      0.00295721        -378.136
               3         11.6969           0.002         495.937     -0.00442164     -5.6527e-05          461.91         77.4841     4.44931e-05     0.000646688               0     2.38927e-05        0.435758         1.10541         1.10511               0     2.02743e-06     0.000627858               0     1.79594e-09      0.00295721        -373.801
               4          11.001           0.002         495.937     -0.00437043     -6.3164e-05         456.553         76.5854     4.97235e-05      0.00176602               0     2.66982e-05        0.430715         1.09261         1.09393               0     2.26693e-06     0.000463298               0     1.79974e-09      0.00295721        -369.473
               5         10.3465           0.002         495.937     -0.00431903    -7.05674e-05         451.176          75.683     5.55412e-05      0.00145075               0     2.98278e-05        0.425654         1.07976         1.07649               0     2.53268e-06    -8.53015e-05               0     1.83536e-09      0.00295721        -365.127
               6         9.73095           0.002         495.937     -0.00426798    -7.88338e-05         445.835         74.7869     6.20614e-05     -0.00146566               0     3.33222e-05         0.42063         1.06699         1.07547               0     2.82977e-06     0.000236625               0     1.88038e-09      0.00295721        -360.811
               7         9.15202           0.002         495.937     -0.00421677    -8.80527e-05         440.478         73.8879     6.92863e-05     0.000790637               0     3.72193e-05        0.415591         1.05419         1.05078               0     3.15464e-06     0.000606837               0     1.94859e-09      0.00295721        -356.482
               8         8.60753           0.002         495.937     -0.00416551    -9.83337e-05         435.115         72.9878      7.7367e-05     0.000625167               0     4.15655e-05        0.410548         1.04138         1.03596               0     3.52693e-06     0.000651166               0     2.02977e-09      0.00295721        -352.149
               9         8.09544           0.002         495.937     -0.00411454    -0.000109806         429.783         72.0928     8.64404e-05      0.00427187               0     4.64155e-05        0.405535         1.02863         1.03837               0     3.94179e-06     0.000626734               0     2.10632e-09      0.00295721         -347.84
              10         7.61381           0.002         495.937     -0.00406354    -0.000122598         424.447         71.1971     9.63866e-05     0.000740405               0      5.1823e-05         0.40052         1.01588         1.01053               0     4.38727e-06    -0.000102538               0     2.21422e-09      0.00295721        -343.528
              11         7.16083           0.002         495.937     -0.00401239    -0.000136852         419.096         70.2989     0.000107621     -0.00190927               0     5.78493e-05        0.395491          1.0031         1.00069               0     4.89557e-06     0.000394907               0     4.52277e-09      0.00295721        -339.204
              12         6.73481           0.002         495.937     -0.00396139    -0.000152745          413.76         69.4031     0.000120252     0.000486331               0     6.45682e-05        0.390477        0.990347         0.99678               0      5.4831e-06    -0.000207144               0     4.45872e-09      0.00295721        -334.892
              13         6.33413           0.002         495.937     -0.00391058    -0.000170464         408.445         68.5109     0.000134123      0.00123576               0     7.20593e-05        0.385483        0.977646        0.985105               0     6.11079e-06     5.78844e-06               0     4.38097e-09      0.00295721        -330.597
              14         5.95729           0.002         495.937     -0.00385977    -0.000190206         403.129         67.6184     0.000149553      0.00290238               0     8.04056e-05        0.380489        0.964942        0.962225               0     6.81014e-06      0.00130706               0        4.33e-09      0.00295721        -326.302
              15         5.60287           0.002         495.937     -0.00380886    -0.000212192         397.804         66.7243     0.000166954      0.00528122               0     8.97009e-05        0.375486        0.952216        0.956154               0     7.61073e-06      0.00163928               0      4.3033e-09      0.00295721        -321.998
              16         5.26953           0.002         495.937     -0.00375799     -0.00023668         392.482         65.8306     0.000186141     -0.00371885               0     0.000100054        0.370488        0.939499        0.943532               0     8.48017e-06    -0.000627758               0     4.26589e-09      0.00295721        -317.698
              17         4.95603           0.002         495.937     -0.00370728    -0.000263956         387.177         64.9396     0.000207609     -0.00362624               0     0.000111586        0.365505        0.926821        0.930323               0     9.46695e-06     0.000471227               0     4.20594e-09      0.00295721        -313.411
              18         4.66117           0.002         495.937     -0.00365672    -0.000294332         381.886         64.0519     0.000231504    -0.000859221               0     0.000124429        0.360537         0.91418        0.920406               0     1.05478e-05    -0.000597225               0     4.12303e-09      0.00295721        -309.136
              19         4.38386           0.002         495.937     -0.00360619    -0.000328145           376.6         63.1638     0.000257892      0.00506778               0     0.000138726        0.355573        0.901548        0.900645               0     1.17481e-05      0.00116772               0     4.11281e-09      0.00295721        -304.864
              20         4.12305           0.002         495.937     -0.00355566    -0.000365769         371.313          62.276     0.000287335      0.00531417               0     0.000154634        0.350608        0.888914        0.875956               0      1.3077e-05      0.00175619               0     4.11835e-09      0.00295721        -300.592
              21         3.87775           0.002         495.937     -0.00350513    -0.000407624         366.027          61.389     0.000320616      0.00158579               0     0.000172332        0.345644        0.876282        0.887226               0      1.4609e-05      0.00144795               0     4.07251e-09      0.00295721         -296.32
              22         3.64705           0.002         495.937     -0.00345465    -0.000454182         360.746          60.502     0.000356783      -0.0024525               0     0.000192018        0.340686        0.863662        0.859399               0     1.62377e-05     -0.00115222               0     3.83067e-09      0.00295721        -292.053
              23         3.43007           0.002         495.937     -0.00340427    -0.000505965         355.476         59.6166     0.000398002      0.00115565               0     0.000213914        0.335738        0.851069        0.860213               0     1.81458e-05    -0.000513668               0     3.86802e-09      0.00295721        -287.794
              24         3.22601           0.002         495.937     -0.00335403    -0.000563549         350.219         58.7337     0.000442957     0.000354115               0     0.000238264        0.330802        0.838507        0.836449               0      2.0193e-05     -0.00059768               0     3.65421e-09      0.00295721        -283.547
              25         3.03408           0.002         495.937      -0.0033039    -0.000627567         344.974         57.8529     0.000493339     -0.00237109               0     0.000265335        0.325879        0.825974        0.825625               0      2.2475e-05    -0.000196407               0     4.27207e-09      0.00295721        -279.309
              26         2.85357           0.002         495.937     -0.00325386    -0.000698718         339.739         56.9741     0.000549103      0.00544163               0     0.000295423        0.320965        0.813465        0.815743               0     2.50026e-05      0.00245076               0     4.83031e-09      0.00295721        -275.079
              27          2.6838           0.002         495.937      -0.0032039    -0.000777768         334.511         56.0966     0.000610591       0.0051758               0     0.000328851        0.316058        0.800974        0.795762               0      2.7776e-05    -0.000462994               0     5.78531e-09      0.00295721        -270.855
              28         2.52413           0.002         495.937     -0.00315399    -0.000865565          329.29         55.2198     0.000679641    -0.000182455               0     0.000365981        0.311157        0.788497        0.784795               0     3.09382e-05     0.000641786               0     4.20737e-09      0.00295721        -266.636
              29         2.37396           0.002         495.937     -0.00310414     -0.00096305         324.075         54.3432     0.000756566      0.00353073               0     0.000407208        0.306262        0.776035        0.774056               0     3.44537e-05     0.000566493               0     4.52903e-09      0.00295721        -262.421
              30         2.23272           0.002         495.937     -0.00305437     -0.00107126         318.867         53.4683     0.000840593     -0.00063157               0     0.000452973        0.301374        0.763592         0.75788               0      3.8184e-05      0.00228818               0     4.36099e-09      0.00295721        -258.214
              31         2.09989           0.002         495.937     -0.00300469     -0.00119136         313.669         52.5963     0.000935461       0.0101303               0     0.000503764        0.296496        0.751172         0.74964               0     4.26202e-05     0.000676584               0     7.21042e-09      0.00295721        -254.014
              32         1.97496           0.002         495.937      -0.0029551     -0.00132459         308.481         51.7247      0.00103934      0.00888799               0     0.000560115        0.291627        0.738776         0.73752               0     4.72213e-05    -0.000128616               0       6.802e-09      0.00295721        -249.822
              33         1.85746           0.002         495.937     -0.00290563     -0.00147237         303.305         50.8549      0.00115676     -0.00253893               0     0.000622618         0.28677        0.726409         0.72895               0     5.27527e-05     -0.00136969               0     6.63425e-09      0.00295721         -245.64
              34         1.74695           0.002         495.937     -0.00285629     -0.00163624         298.142         49.9886      0.00128571        0.019028               0     0.000691926        0.281926        0.714072        0.724691               0     5.86554e-05      0.00113935               0     6.61237e-09      0.00295721        -241.468
              35         1.64302           0.002         495.937     -0.00280707     -0.00181787         292.992         49.1229      0.00142844       0.0185573               0     0.000768753        0.277093        0.701767        0.709675               0     6.51296e-05      0.00129369               0     6.43339e-09      0.00295721        -237.307
              36         1.54527           0.002         495.937     -0.00275799     -0.00201914         287.857         48.2609      0.00158546      0.00219441               0     0.000853892        0.272275        0.689498        0.696919               0     7.23214e-05      0.00121272               0      6.2199e-09      0.00295721        -233.158
              37         1.45334           0.002         495.937     -0.00270904      -0.0022421         282.735         47.4002      0.00175999       0.0149215               0     0.000948204         0.26747        0.677259        0.678928               0     8.02143e-05     -0.00118066               0     6.02998e-09      0.00295721         -229.02
              38         1.36687           0.002         495.937     -0.00266023     -0.00248899         277.628         46.5427       0.0019509      0.00230835               0      0.00105265        0.262679        0.665058        0.660859               0     8.86677e-05     -0.00018848               0     5.84271e-09      0.00295721        -224.894
              39         1.28555           0.002         495.937     -0.00261156     -0.00276228         272.535         45.6872      0.00216695       0.0130434               0      0.00116826        0.257902         0.65289        0.647647               0      9.8799e-05      0.00328479               0     5.09956e-09      0.00295721        -220.779
              40         1.20907           0.002         495.937     -0.00256304     -0.00306468         267.457         44.8341      0.00240157     -0.00556817               0       0.0012962         0.25314         0.64076        0.628994               0      0.00010931    -4.16114e-05               0     4.91301e-09      0.00295721        -216.677
              41         1.13714           0.002         495.937     -0.00251466     -0.00339919         262.395         43.9845      0.00266668       0.0381278               0      0.00143771        0.248392        0.628665        0.629532               0     0.000121696      0.00169145               0     4.73152e-09      0.00295721        -212.587
              42         1.06949           0.002         495.937     -0.00246644       -0.003769         257.349         43.1358      0.00295662      0.00857417               0      0.00159419         0.24366         0.61661        0.615304               0     0.000134612      0.00501226               0     3.08678e-09      0.00295721        -208.511
              43         1.00586           0.002         495.937     -0.00241838     -0.00417775          252.32         42.2917      0.00327357       0.0109134               0      0.00176713        0.238945        0.604595        0.595733               0     0.000149106      0.00266226               0     2.93525e-09      0.00295721        -204.448
              44        0.946016           0.002         495.937     -0.00237048     -0.00462928         247.307         41.4497      0.00362814      -0.0098703               0       0.0019582        0.234245         0.59262        0.586616               0     0.000165658     -0.00278159               0     2.79063e-09      0.00295721        -200.398
              45        0.889734           0.002         495.937     -0.00232276     -0.00512792         242.313         40.6102      0.00402227      -0.0192505               0      0.00216921        0.229564        0.580691        0.582755               0     0.000183968      0.00378192               0     2.65556e-09      0.00295721        -196.364
              46          0.8368           0.002         495.937     -0.00227521     -0.00567831         237.337         39.7743      0.00445376     -0.00806581               0      0.00240212          0.2249        0.568803        0.575533               0     0.000203912      0.00241149               0     6.22631e-10      0.00295721        -192.344
              47        0.787015           0.002         495.937     -0.00222784     -0.00628551         232.379          38.942      0.00492792     -0.00356668               0      0.00265909        0.220254        0.556961        0.559029               0     0.000225219      0.00307561               0     5.55373e-10      0.00295721         -188.34
              48        0.740193           0.002         495.937     -0.00218068     -0.00695516         227.443         38.1119      0.00545711      0.00439798               0      0.00294251         0.21563         0.54517        0.538434               0     0.000250222      0.00302884               0     4.45812e-10      0.00295721        -184.353
              49        0.696156           0.002         495.937     -0.00213372     -0.00769326         222.528         37.2862      0.00602451       0.0177854               0      0.00325491        0.211026        0.533432        0.541228               0     0.000276892     -0.00164423               0     3.26591e-10      0.00295721        -180.383
              50        0.654739           0.002         495.937     -0.00208696     -0.00850632         217.634         36.4646      0.00661635      0.00197934               0      0.00359907        0.206443        0.521739        0.513478               0     0.000308163     -0.00387234               0     2.24433e-10      0.00295721         -176.43
              51        0.615786           0.002         495.937     -0.00204041     -0.00940169         212.762         35.6434      0.00739602       0.0701748               0      0.00397805        0.201882        0.510084        0.506431               0     0.000345198      0.00887099               0     6.08457e-10      0.00295721        -172.495
              52        0.579151           0.002         495.937     -0.00199413       -0.010387         207.917         34.8313      0.00788257       0.0339095               0      0.00439522        0.197342         0.49852        0.493425               0     0.000333867     8.65073e-05               0     6.05827e-10      0.00295721        -168.582
              53        0.544695           0.002         495.937     -0.00194807      -0.0114707         203.094         34.0263      0.00891567      -0.0189185               0      0.00485408        0.192816        0.487138        0.493013               0     0.000413597     -0.00278684               0     6.00745e-10      0.00295721        -164.688
              54        0.512289           0.002         495.937     -0.00190224      -0.0126622         198.297         33.2082      0.00969546       0.0720584               0      0.00535848         0.18837        0.475326        0.474635               0     0.000472065       0.0138092               0     5.93864e-10      0.00295721        -160.814
              55        0.481811           0.002         495.937     -0.00185666      -0.0139709         193.526         32.4038       0.0100533       0.0436634               0      0.00591268        0.183897        0.464187        0.470999               0     0.000180264      0.00965104               0     5.87799e-10      0.00295721        -156.961
              56        0.453146           0.002         495.937      -0.0018114      -0.0154086         188.784         31.6519      0.00925981         0.06887               0      0.00652139        0.179332        0.452655        0.445322               0     0.000237186     0.000665085               0     5.79409e-10      0.00295721        -153.134
              57        0.426187           0.002         495.937     -0.00176633      -0.0169843         184.071         30.7542       0.0109387       0.0755458               0      0.00718904        0.175286        0.441544        0.437226               0     0.000665505      0.00653171               0     5.73629e-10      0.00295721        -149.324
              58        0.400831           0.002         495.937     -0.00172174      -0.0187164         179.391         30.1357       0.0120533       0.0757428               0      0.00792211         0.17028        0.431218        0.422272               0       0.0013304    -0.000563024               0     3.26334e-10      0.00295721        -145.554
              59        0.376984           0.002         495.937     -0.00167715      -0.0206072         174.736         29.1116       0.0107165        0.104946               0      0.00872405        0.166919        0.421001        0.419663               0     0.000686588      0.00559865               0     3.22469e-10      0.00295721        -141.785
              60        0.354556           0.002         495.937     -0.00163329      -0.0226898          170.12         28.7038      0.00619839        0.085994               0      0.00960471        0.161078        0.409264        0.412969               0     -0.00201975       0.0111609               0     3.08455e-10      0.00295721        -138.077
              61        0.333462           0.002         495.937     -0.00158905      -0.0249459         165.528         27.3129       0.0384749      -0.0303087               0        0.010564        0.159205        0.397406         0.40386               0       0.0012256       0.0104837               0     3.03724e-10      0.00295721        -134.337
              62        0.313623           0.002         495.937     -0.00154648      -0.0274581         160.991         27.5815        0.040204       0.0635414               0       0.0116227        0.151418        0.388804        0.386508               0     -0.00314502      0.00638962               0     2.93737e-10      0.00295721        -130.738
              63        0.294965           0.002         495.937     -0.00150194      -0.0301242         156.447         25.3801        0.043225       0.0214771               0       0.0127611        0.151369        0.379823        0.369121               0    -0.000859695       0.0123026               0     2.83705e-10      0.00295721        -126.973
              64        0.277416           0.002         495.937     -0.00146086      -0.0331385         152.013         25.9117    -0.000582597       0.0921222               0       0.0140318        0.144762        0.368905         0.37757               0     -0.00166666       0.0057497               0     2.85757e-10      0.00295721          -123.5
              65        0.260911           0.002         495.937     -0.00141801        -0.03637         147.555         25.3169       0.0303341       0.0583385               0       0.0153978        0.137465        0.349682        0.347818               0     -0.00448742       0.0114166               0     1.18422e-10      0.00295721        -119.878
              66        0.245389           0.002         495.937     -0.00137411      -0.0397806          143.13         22.0033       0.0910146       0.0628824               0       0.0168681        0.143443        0.353314        0.333682               0      0.00993029       0.0161688               0     1.17828e-10      0.00295721        -116.166
              67         0.23079           0.002         495.937     -0.00133619      -0.0437996         138.853         24.7357      -0.0534259      -0.0302041               0       0.0185431        0.130111        0.332698        0.338974               0       0.0137665       0.0125445               0      1.2896e-10      0.00295721         -112.96
              68        0.217059           0.002         495.937       -0.001294      -0.0479671         134.503         24.0301      0.00756039        0.179012               0        0.020301        0.121164        0.316734        0.323483               0     -0.00579344       0.0376022               0     1.11556e-10      0.00295721        -109.394
              69        0.204145           0.002         495.937     -0.00124913       -0.052182         130.167         18.3448        0.152762       0.0402725               0       0.0221538        0.134693         0.31274        0.317618               0      -0.0142096       0.0266535               0     1.00298e-10      0.00295721          -105.6
              70           0.192           0.002         495.937     -0.00121277      -0.0573348         126.044         20.4765      -0.0571972       0.0672567               0       0.0243156        0.127378        0.312301        0.299236               0       0.0255886       0.0158407               0     1.13117e-10      0.00295721        -102.527
              71        0.180577           0.002         495.937     -0.00117702      -0.0631297         121.932         25.1528       0.0968809      -0.0576147               0       0.0266784        0.102288        0.279338        0.299346               0      -0.0148779       0.0143949               0     1.16671e-10      0.00295721         -99.504
              72        0.169834           0.002         495.937     -0.00113272      -0.0685308           117.7         20.4047       0.0236711        0.206253               0       0.0290238         0.10504        0.300911        0.282157               0       0.0133075       0.0438583               0     3.38054e-11      0.00295721        -95.7595
              73         0.15973           0.002         495.937     -0.00108905      -0.0741188         113.567         13.1656        0.126029        0.200476               0       0.0315455        0.126546        0.254608        0.264541               0      -0.0126185       0.0146371               0     2.38985e-11      0.00295721        -92.0675
              74        0.150227           0.002         495.937     -0.00105519      -0.0812471         109.659         15.2913       -0.166588         0.10161               0       0.0345514        0.122229        0.275604        0.269005               0        0.013156      0.00870822               0      4.0717e-11      0.00295721        -89.2053
              75        0.141289           0.002         495.937     -0.00102431      -0.0897246         105.809         22.8219        0.536919        0.124949               0       0.0379167       0.0910893        0.263893        0.255094               0       0.0424737       0.0202272               0     5.86811e-11      0.00295721        -86.5939
              76        0.132884           0.002         495.937    -0.000986456      -0.0978468         101.864         23.8895       -0.138311      -0.0442804               0       0.0412814       0.0724849         0.22119        0.240195               0      -0.0270406     -0.00347162               0     4.98079e-11      0.00295721        -83.3942
              77        0.124978           0.002         495.937    -0.000942931       -0.105166         97.8999         16.2188       -0.455843        0.135482               0       0.0446036       0.0861423        0.250094        0.246039               0      -0.0586852      0.00280848               0     1.94758e-11      0.00295721        -79.7146
              78        0.117542           0.002         495.937    -0.000902148       -0.113021         94.0809         8.26014        0.424705        0.312304               0       0.0482384        0.111389        0.229608        0.227123               0      -0.0181153       0.0704617               0     3.13226e-12      0.00295721        -76.2668
              79        0.110549           0.002         495.937    -0.000869163       -0.122914         90.4523         7.69051        0.429258        0.331645               0       0.0525359        0.117941        0.203147        0.212532               0        0.140364        0.027278               0     1.54585e-11      0.00295721        -73.4783
              80        0.103972           0.002         495.937    -0.000841271       -0.135159         86.9195         13.9358         0.20309        0.119444               0       0.0574813       0.0978519        0.211901        0.209792               0       0.0367367       0.0543265               0     3.27775e-11      0.00295721        -71.1203
              81       0.0977867           0.002         495.937    -0.000812165       -0.148535         83.3749         20.6591       0.0653677        0.201091               0        0.062734       0.0672978        0.198742        0.201794               0      -0.0595588     -0.00946603               0       4.946e-11      0.00295721        -68.6597
              82        0.091969           0.002         495.937    -0.000778255       -0.161404         79.7984         22.3526      -0.0813026        0.114619               0       0.0679555       0.0474585        0.196394        0.195451               0       0.0294342       0.0499332               0     6.42457e-11      0.00295721         -65.793
              83       0.0864974           0.002         495.937    -0.000740622       -0.173214         76.2538         18.1268        0.145681        0.243632               0       0.0730978       0.0478993        0.194443        0.185355               0      -0.0231486      -0.0308935               0     1.35182e-11      0.00295721        -62.6115
              84       0.0813513           0.002         495.937    -0.000703032       -0.184557         72.8215         10.9929        0.245585       0.0131437               0       0.0784299       0.0637136        0.170214        0.167935               0      -0.0666593      0.00802967               0     3.93309e-12      0.00295721        -59.4338
              85       0.0765114           0.002         495.937    -0.000668925        -0.19693         69.5412         4.92627      -0.0042142      -0.0186441               0       0.0843356       0.0826778        0.159212        0.173543               0       0.0590894       0.0302778               0    -3.42618e-11      0.00295721        -56.5503
              86       0.0719595           0.002         495.937    -0.000639379       -0.211808         66.3991         2.43002      -0.0076273        0.305005               0       0.0910945       0.0939709        0.167036        0.165746               0       0.0882763      0.00437498               0    -6.60212e-11      0.00295721        -54.0526
              87       0.0676783           0.002         495.937    -0.000613331       -0.229736         63.3503          3.7687        0.286818         0.45366               0       0.0987592       0.0929605        0.161442        0.155985               0      -0.0515109       0.0979912               0    -5.43404e-11      0.00295721        -51.8505
              88       0.0636519           0.002         495.937    -0.000588782       -0.250312         60.3512         7.56295        0.330396          0.6185               0        0.107165       0.0812134        0.140709        0.151284               0      -0.0974694       0.0985738               0     -3.7786e-11      0.00295721        -49.7751
              89        0.059865           0.002         495.937    -0.000563944       -0.272537         57.3789         11.8801       0.0389924        0.667909               0        0.116032       0.0637906        0.130039         0.13759               0       0.0456339       0.0409592               0     3.92462e-11      0.00295721        -47.6753
              90       0.0563034           0.002         495.937    -0.000537869       -0.295382         54.4364         15.1282        -0.12109        0.423277               0        0.125084       0.0462326         0.13601        0.127043               0        0.172014       0.0814882               0      9.5359e-11      0.00295721         -45.471
              91       0.0529537           0.002         495.937    -0.000510458       -0.318131         51.5448         16.4769        0.113652         0.25325               0        0.134153       0.0325868         0.14149        0.126623               0        0.108977       0.0999526               0     8.67325e-11      0.00295721        -43.1537
              92       0.0498033           0.002         495.937    -0.000482236       -0.340337         48.7321          15.857        0.494321        0.332008               0        0.143233       0.0247188        0.132707        0.123095               0      -0.0720594       0.0156766               0     1.34032e-10      0.00295721        -40.7678
              93       0.0468403           0.002         495.937    -0.000454096       -0.361838         46.0227         13.7216        0.634015        0.379489               0        0.152447       0.0225591        0.113566        0.111895               0       -0.180743      -0.0406991               0           1e-10      0.00295721        -38.3889
              94       0.0440536           0.002         495.937    -0.000426975       -0.382973         43.4312           10.75        0.428142        0.250891               0        0.161992       0.0247972       0.0968983        0.102341               0       -0.120187       0.0092021               0     1.49902e-10      0.00295721        -36.0961
              95       0.0414327           0.002         495.937    -0.000401546       -0.404571         40.9608         7.60961       0.0902732        0.136684               0        0.172091       0.0296258       0.0906313       0.0993475               0       0.0485027       0.0734868               0     1.40302e-10      0.00295721        -33.9464
              96       0.0389677           0.002         495.937    -0.000378089       -0.427609         38.6055         4.81429      -0.0916651        0.204494               0        0.182954       0.0353098       0.0931203       0.0979218               0        0.190891       0.0542937               0     3.76352e-11      0.00295721        -31.9633
              97       0.0366493           0.002         495.937    -0.000356557       -0.452836         36.3547         2.67468       0.0174914        0.372713               0        0.194758       0.0405081       0.0973789         0.09255               0        0.211184      -0.0248933               0      4.7693e-12      0.00295721         -30.143
              98       0.0344689           0.002         495.937    -0.000336732       -0.480634         34.1958         1.31064        0.347082        0.454861               0        0.207623       0.0443784         0.09728       0.0837408               0        0.102847      -0.0730817               0    -1.23269e-10      0.00295721        -28.4671
              99       0.0324182           0.002         495.937    -0.000318338       -0.511093         32.1174        0.696076        0.710787        0.379202               0        0.221595       0.0465396       0.0908148       0.0756946               0       -0.069931      -0.0416758               0    -1.53157e-10      0.00295721         -26.912
             100       0.0304896           0.002         495.937    -0.000301097       -0.544139         30.1106        0.712767        0.932653        0.231988               0        0.236649       0.0469626       0.0797894       0.0712728               0         -0.2219       0.0401137               0    -1.48915e-10      0.00295721        -25.4545
             101       0.0286756           0.002         495.937     -0.00028476       -0.579607         28.1692         1.19889        0.928159         0.14943               0        0.252696       0.0458466       0.0677193       0.0700238               0       -0.289507        0.108035               0     -1.9189e-10      0.00295721        -24.0733
             102       0.0269696           0.002         495.937    -0.000269115       -0.617265         26.2905         1.98571        0.718469         0.20414               0        0.269603       0.0435092       0.0577746       0.0695453               0       -0.249702        0.119005               0    -1.77068e-10      0.00295721        -22.7507
             103       0.0253651           0.002         495.937    -0.000254004       -0.656819         24.4742         2.92113        0.397451        0.372379               0        0.287205       0.0403041       0.0516808       0.0676865               0       -0.116689       0.0744649               0    -1.30771e-10      0.00295721        -21.4733
             104        0.023856           0.002         495.937    -0.000239322       -0.697937         22.7221         3.88195       0.0828965        0.572701               0         0.30532       0.0365675       0.0496001       0.0637273               0       0.0729676      0.00843764               0    -1.37607e-10      0.00295721        -20.2321
             105       0.0224367           0.002         495.937    -0.000225015       -0.740283         21.0374         4.77767       -0.124291        0.724617               0        0.323754       0.0325879       0.0505958       0.0582746               0        0.276821      -0.0385817               0    -8.93358e-11      0.00295721        -19.0226
             106       0.0211019           0.002         495.937    -0.000211066       -0.783543         19.4235         5.54886       -0.162595        0.787245               0        0.342308       0.0285933       0.0532555       0.0525147               0        0.458668       -0.040234               0    -1.15135e-10      0.00295721        -17.8433
             107       0.0198464           0.002         495.937    -0.000197484       -0.827448         17.8839         6.16261      -0.0144922        0.766695               0        0.360784       0.0247509       0.0562021       0.0474953               0        0.594608       0.0083531               0     -6.9858e-11      0.00295721        -16.6952
             108       0.0186657           0.002         495.937    -0.000184292        -0.87176         16.4215         6.60686        0.301087        0.701317               0        0.378995       0.0211726       0.0583926       0.0437572               0        0.673967       0.0943029               0    -4.93463e-11      0.00295721        -15.5799
             109       0.0175552           0.002         495.937    -0.000171517       -0.916263         15.0385         6.88467        0.741778        0.639724               0        0.396767       0.0179245       0.0592185       0.0413122               0         0.69705        0.195803               0    -4.17418e-11      0.00295721        -14.4999
             110       0.0165108           0.002         495.937    -0.000159187       -0.960738         13.7365         7.00922         1.25512        0.622665               0        0.413948       0.0150368       0.0584711       0.0398179               0        0.671566        0.290731               0    -2.58906e-11      0.00295721        -13.4575
             111       0.0155285           0.002         495.937    -0.000147331        -1.00495          12.516         6.99963         1.78924        0.673398               0        0.430411       0.0125132       0.0562398       0.0387974               0        0.609069        0.362342               0    -1.90127e-11      0.00295721        -12.4552
             112       0.0146046           0.002         495.937    -0.000135973        -1.04866         11.3767         6.87777         2.29986        0.796155               0        0.446057       0.0103395       0.0527954       0.0378108               0        0.522098        0.401529               0    -4.32501e-11      0.00295721         -11.495
             113       0.0137358           0.002         495.937    -0.000125137        -1.09161         10.3176         6.66601         2.75373        0.979918               0        0.460813      0.00848999       0.0484888       0.0365479               0        0.422246        0.406454               0    -5.02973e-11      0.00295721         -10.579
             114       0.0129186           0.002         495.937    -0.000114842        -1.13351         9.33698         6.38565         3.12938         1.20443               0        0.474633      0.00693279       0.0436759       0.0348529               0        0.319104         0.38074               0    -6.05579e-11      0.00295721        -9.70867
             115         0.01215           0.002         495.937    -0.000105105        -1.17413         8.43241         6.05599         3.41607         1.44612               0        0.487495      0.00563351       0.0386722       0.0327028               0        0.219866        0.331229               0    -7.22244e-11      0.00295721        -8.88545
             116       0.0114271           0.002         495.937    -9.59348e-05        -1.21321         7.60102         5.69384         3.61179         1.68269               0        0.499397      0.00455791       0.0337306       0.0301679               0        0.129392        0.265982               0    -9.46277e-11      0.00295721        -8.11025
             117       0.0107473           0.002         495.937    -8.73388e-05        -1.25057         6.83946         5.31336         3.72099         1.89593               0        0.510355      0.00367354       0.0290351       0.0273685               0       0.0505191        0.192792               0     -7.4379e-11      0.00295721        -7.38355
             118       0.0101079           0.002         495.937    -7.93166e-05        -1.28602         6.14411          4.9261         3.75237         2.07303               0        0.520397      0.00295071       0.0247064       0.0244402               0      -0.0155225        0.118288               0    -5.70605e-11      0.00295721        -6.70536
             119      0.00950654           0.002         495.937    -7.18628e-05        -1.31947         5.51112         4.54123         3.71702         2.20659               0        0.529563      0.00236298       0.0208117       0.0215102               0      -0.0686804       0.0475356               0     -8.8892e-11      0.00295721        -6.07522
             120      0.00894096           0.002         495.937    -6.49662e-05        -1.35082         4.93646         4.16571         3.62694           2.294               0          0.5379      0.00188728       0.0173763       0.0186829               0       -0.109696      -0.0160199               0    -8.98128e-11      0.00295721        -5.49219
             121      0.00840903           0.002         495.937    -5.86106e-05        -1.38004          4.4161          3.8047         3.49402         2.33637               0        0.545457      0.00150379       0.0143958       0.0160356               0       -0.139787      -0.0703788               0    -7.72734e-11      0.00295721        -4.95489
             122      0.00790875           0.002         495.937    -5.27759e-05        -1.40713         3.94601         3.46178          3.3293         2.33748               0        0.552288      0.00119573       0.0118455       0.0136179               0       -0.160412       -0.114717               0    -6.14106e-11      0.00295721        -4.46163
             123      0.00743822           0.002         495.937    -4.74383e-05        -1.43213         3.52223         3.13926         3.14264          2.3027               0        0.558447      0.00094901      0.00968891       0.0114559               0       -0.173092       -0.149085               0    -4.62611e-11      0.00295721         -4.0104
             124       0.0069957           0.002         495.937    -4.25716e-05        -1.45509         3.14097         2.83845         2.94245          2.2382               0        0.563988     0.000751965       0.0078834      0.00955652               0       -0.179296       -0.174128               0    -5.23197e-11      0.00295721        -3.59897
             125       0.0065795           0.002         495.937    -3.81477e-05         -1.4761         2.79855         2.55985          2.7357         2.15029               0        0.568963     0.000594969      0.00638478      0.00791301               0       -0.180374       -0.190851               0    -4.60871e-11      0.00295721        -3.22498
             126      0.00618806           0.002         495.937    -3.41375e-05        -1.49526         2.49152         2.30336         2.52798         2.04498               0        0.573422     0.000470146      0.00515006      0.00650915               0       -0.177519       -0.200433               0    -3.61928e-11      0.00295721        -2.88596
             127      0.00581991           0.002         495.937    -3.05116e-05        -1.51266         2.21662         2.06842         2.32365         1.92772               0        0.577412     0.000371089      0.00413929      0.00532328               0        -0.17175       -0.204097               0    -4.01701e-11      0.00295721        -2.57942
             128      0.00547366           0.002         495.937    -2.72406e-05        -1.52843          1.9708         1.85418         2.12593         1.80321               0        0.580978     0.000292607      0.00331643      0.00433112               0       -0.163919       -0.203019               0    -3.31579e-11      0.00295721         -2.3029
             129      0.00514801           0.002         495.937    -2.42961e-05        -1.54268         1.75126         1.65954         1.93717         1.67541               0        0.584162     0.000230518      0.00264978       0.0035079               0        -0.15472       -0.198272               0    -3.20584e-11      0.00295721        -2.05397
             130      0.00484173           0.002         495.937    -2.16504e-05        -1.55552         1.55539          1.4833         1.75891         1.54751               0           0.587     0.000181461      0.00211196      0.00282976               0       -0.144707       -0.190801               0    -2.84439e-11      0.00295721        -1.83031
             131      0.00455368           0.002         495.937    -1.92772e-05        -1.56707         1.38081         1.32417         1.59208         1.42201               0        0.589528     0.000142744      0.00167967      0.00227464               0       -0.134313       -0.181408               0     -2.2257e-11      0.00295721        -1.62968
             132      0.00428276           0.002         495.937    -1.71518e-05        -1.57745         1.22532         1.18085         1.43715         1.30077               0        0.591779     0.000112218      0.00133332      0.00182269               0       -0.123865       -0.170759               0    -2.12221e-11      0.00295721           -1.45
             133      0.00402797           0.002         495.937    -1.52508e-05        -1.58675         1.08695         1.05205         1.29418         1.18514               0        0.593781     8.81725e-05      0.00105662      0.00145651               0       -0.113607        -0.15939               0    -1.77295e-11      0.00295721        -1.28929
             134      0.00378833           0.002         495.937    -1.35527e-05        -1.59507        0.963903        0.936514         1.16299         1.07602               0         0.59556     6.92456e-05     0.000836094      0.00116105               0       -0.103713       -0.147725               0    -1.79848e-11      0.00295721        -1.14574
             135      0.00356295           0.002         495.937    -1.20375e-05        -1.60251        0.854538        0.833055         1.04315        0.973947               0        0.597141     5.43582e-05      0.00066073     0.000923523               0      -0.0943016       -0.136087               0    -1.41746e-11      0.00295721        -1.01764
             136      0.00335097           0.002         495.937    -1.06867e-05        -1.60915         0.75739        0.740544         0.93413        0.879175               0        0.598545     4.26554e-05     0.000521545      0.00073319               0      -0.0854485       -0.124718               0    -1.26552e-11      0.00295721       -0.903443
             137      0.00315161           0.002         495.937    -9.48359e-06        -1.61507        0.671134        0.657928        0.835302        0.791736               0        0.599791     3.34608e-05     0.000411259     0.000581103               0      -0.0771953       -0.113789               0    -1.13413e-11      0.00295721       -0.801735
             138      0.00296411           0.002         495.937    -8.41287e-06        -1.62035        0.594582        0.584232        0.745983        0.711498               0        0.600896     2.62404e-05     0.000324002     0.000459877               0      -0.0695584       -0.103418               0    -9.78607e-12      0.00295721       -0.711217
             139      0.00278776           0.002         495.937    -7.46061e-06        -1.62505        0.526669        0.518558         0.66547         0.63821               0        0.601876     2.05727e-05     0.000255055     0.000363461               0      -0.0625357      -0.0936781               0    -7.18673e-12      0.00295721       -0.630713
             140      0.00262191           0.002         495.937    -6.61422e-06        -1.62923        0.466438        0.460084         0.59306        0.571538               0        0.602746     1.61254e-05     0.000200638     0.000286925               0      -0.0561114      -0.0846095               0    -7.72126e-12      0.00295721       -0.559161
             141      0.00246592           0.002         495.937    -5.86235e-06        -1.63294        0.413038         0.40806         0.52807        0.511095               0        0.603516     1.26369e-05     0.000157733     0.000226273               0      -0.0502605      -0.0762255               0    -5.94518e-12      0.00295721       -0.495598
             142      0.00231921           0.002         495.937    -5.19476e-06        -1.63624        0.365706        0.361807         0.46984        0.456464               0        0.604199     9.90131e-06     0.000123935     0.000178279               0       -0.044952      -0.0685205               0    -5.81579e-12      0.00295721       -0.439161
             143      0.00218124           0.002         495.937    -4.60227e-06        -1.63918        0.323762        0.320709        0.417747        0.407216               0        0.604803     7.75666e-06     9.73316e-05     0.000140352               0      -0.0401512      -0.0614754               0    -4.77558e-12      0.00295721       -0.389072
             144      0.00205147           0.002         495.937    -4.07662e-06        -1.64178        0.286601         0.28421        0.371208        0.362923               0        0.605339     6.07567e-06     7.64059e-05     0.000110415               0      -0.0358217      -0.0550612               0     -4.4299e-12      0.00295721       -0.344634
             145      0.00192942           0.002         495.937    -3.61043e-06        -1.64409        0.253683        0.251811        0.329679        0.323165               0        0.605814     4.75839e-06     5.99563e-05     8.68088e-05               0      -0.0319266      -0.0492432               0    -4.01107e-12      0.00295721       -0.305223
             146      0.00181463           0.002         495.937     -3.1971e-06        -1.64614        0.224529        0.223063        0.292659         0.28754               0        0.606234     3.72629e-06     4.70324e-05     6.82116e-05               0      -0.0284296      -0.0439825               0    -3.62631e-12      0.00295721        -0.27028
             147      0.00170667           0.002         495.937    -2.83074e-06        -1.64795        0.198712        0.197564        0.259689        0.255668               0        0.606606     2.91777e-06     3.68834e-05     5.35722e-05               0      -0.0252958      -0.0392388               0    -2.62047e-12      0.00295721       -0.239308
             148      0.00160513           0.002         495.937    -2.50608e-06        -1.64956        0.175852        0.174954        0.230349        0.227192               0        0.606935     2.28448e-06     2.89168e-05     4.20563e-05               0      -0.0224919      -0.0349715               0    -2.78843e-12      0.00295721       -0.211862
             149      0.00150964           0.002         495.937    -2.21844e-06        -1.65099        0.155614        0.154911        0.204258        0.201781               0        0.607227      1.7885e-06     2.26656e-05     3.30032e-05               0      -0.0199866      -0.0311407               0    -2.08826e-12      0.00295721       -0.187545
             150      0.00141982           0.002         495.937    -1.96364e-06        -1.65225        0.137699        0.137149        0.181071        0.179127               0        0.607485     1.40011e-06     1.77622e-05     2.58901e-05               0      -0.0177509      -0.0277079               0    -2.13173e-12      0.00295721       -0.166005
             151      0.00133535           0.002         495.937    -1.73797e-06        -1.65337        0.121841         0.12141        0.160475        0.158951               0        0.607714       1.096e-06     1.39171e-05      2.0304e-05               0      -0.0157578      -0.0246365               0    -1.87597e-12      0.00295721       -0.146927
             152      0.00125591           0.002         495.937    -1.53814e-06        -1.65436        0.107806        0.107468         0.14219        0.140995               0        0.607916     8.57894e-07     1.09025e-05     1.59188e-05               0      -0.0139826      -0.0218923               0    -1.64634e-12      0.00295721       -0.130033
             153      0.00118119           0.002         495.937    -1.36119e-06        -1.65524       0.0953836       0.0951197        0.125964        0.125028               0        0.608095     6.71486e-07     8.53978e-06     1.24779e-05               0      -0.0124029      -0.0194434               0     -1.4816e-12      0.00295721       -0.115074
             154      0.00111091           0.002         495.937    -1.20454e-06        -1.65602       0.0843905        0.084184         0.11157        0.110836               0        0.608253      5.2556e-07     6.68823e-06     9.77866e-06               0      -0.0109981      -0.0172603               0      -1.344e-12      0.00295721       -0.101831
             155      0.00104482           0.002         495.937    -1.06587e-06        -1.65671       0.0746625       0.0745009        0.098806       0.0982309               0        0.608393     4.11332e-07     5.23754e-06     7.66192e-06               0     -0.00974957      -0.0153159               0    -1.04901e-12      0.00295721      -0.0901077
             156     0.000982662           0.002         495.937     -9.4312e-07        -1.65732       0.0660544       0.0659279       0.0874901       0.0870395               0        0.608517     3.21921e-07      4.1011e-06     6.00241e-06               0     -0.00864061      -0.0135856               0    -1.02549e-12      0.00295721      -0.0797306
             157     0.000924199           0.002         495.937    -8.34477e-07        -1.65786       0.0584376       0.0583386       0.0774608       0.0771079               0        0.608627     2.51934e-07     3.21097e-06     4.70166e-06               0     -0.00765608      -0.0120468               0    -9.10375e-13      0.00295721       -0.070546
             158     0.000869215           0.002         495.937    -7.38324e-07        -1.65834       0.0516981       0.0516207        0.068574       0.0682976               0        0.608724     1.97161e-07     2.51384e-06     3.68232e-06               0     -0.00678239      -0.0106793               0    -7.96631e-13      0.00295721      -0.0624173
             159     0.000817502           0.002         495.937    -6.53232e-07        -1.65876       0.0457352       0.0456746        0.060701       0.0604845               0         0.60881     1.54292e-07     1.96794e-06     2.88365e-06               0     -0.00600735     -0.00946461               0    -6.53011e-13      0.00295721      -0.0552237
             160     0.000768866           0.002         495.937    -5.77932e-07        -1.65913       0.0404595        0.040412       0.0537274       0.0535579               0        0.608886     1.20741e-07     1.54049e-06     2.25798e-06               0     -0.00532007     -0.00838621               0    -6.28848e-13      0.00295721      -0.0488578
             161     0.000723123           0.002         495.937      -5.113e-07        -1.65946       0.0357919       0.0357548       0.0475514       0.0474187               0        0.608953     9.44852e-08     1.20582e-06     1.76791e-06               0     -0.00471076     -0.00742922               0    -5.90819e-13      0.00295721      -0.0432248
             162     0.000680102           0.002         495.937    -4.52341e-07        -1.65976       0.0316624       0.0316334       0.0420827       0.0419788               0        0.609012     7.39359e-08     9.43811e-07      1.3841e-06               0     -0.00417075     -0.00658029               0    -4.87692e-13      0.00295721      -0.0382405
             163      0.00063964           0.002         495.937    -4.00174e-07        -1.66002       0.0280091       0.0279864       0.0372407       0.0371594               0        0.609065     5.78565e-08     7.38702e-07     1.08353e-06               0     -0.00369224     -0.00582747               0    -4.39053e-13      0.00295721      -0.0338304
             164     0.000601585           0.002         495.937    -3.54017e-07        -1.66025       0.0247772       0.0247594       0.0329542       0.0328905               0        0.609111     4.52715e-08      5.7815e-07     8.48188e-07               0     -0.00326832     -0.00516007               0    -3.55018e-13      0.00295721      -0.0299283
             165     0.000565795           0.002         495.937     -3.1318e-07        -1.66045        0.021918        0.021904       0.0291598       0.0291099               0        0.609153     3.54255e-08     4.52475e-07     6.63924e-07               0     -0.00289284     -0.00456855               0    -3.35208e-13      0.00295721       -0.026476
             166     0.000532134           0.002         495.937     -2.7705e-07        -1.66063       0.0193886       0.0193777       0.0258012       0.0257622               0        0.609189     2.77209e-08     3.54107e-07     5.19663e-07               0     -0.00256031     -0.00404439               0    -3.08447e-13      0.00295721      -0.0234216
             167     0.000500475           0.002         495.937    -2.45086e-07        -1.66079        0.017151       0.0171424       0.0228287       0.0227981               0        0.609221     2.16912e-08     2.77119e-07     4.06734e-07               0     -0.00226585     -0.00358007               0    -2.53964e-13      0.00295721      -0.0207194
             168       0.0004707           0.002         495.937    -2.16807e-07        -1.66093       0.0151715       0.0151649       0.0201979       0.0201741               0         0.60925     1.69723e-08     2.16865e-07     3.18333e-07               0     -0.00200514     -0.00316877               0    -2.44021e-13      0.00295721      -0.0183287
             169     0.000442696           0.002         495.937     -1.9179e-07        -1.66105       0.0134205       0.0134153       0.0178699       0.0178512               0        0.609275     1.32803e-08     1.69708e-07     2.49136e-07               0     -0.00177434     -0.00280452               0    -2.10022e-13      0.00295721      -0.0162138
             170     0.000416358           0.002         495.937    -1.69658e-07        -1.66116       0.0118715       0.0118674       0.0158098       0.0157952               0        0.609297     1.03922e-08     1.32802e-07     1.94976e-07               0     -0.00157004     -0.00248199               0    -1.93306e-13      0.00295721      -0.0143427
             171     0.000391588           0.002         495.937    -1.50079e-07        -1.66126       0.0105012        0.010498       0.0139869       0.0139755               0        0.609317     8.13073e-09     1.03922e-07     1.52586e-07               0      -0.0013892     -0.00219642               0    -1.45079e-13      0.00295721      -0.0126875
             172     0.000368291           0.002         495.937    -1.32759e-07        -1.66135      0.00928911      0.00928661        0.012374        0.012365               0        0.609335     6.36232e-09     8.13199e-08     1.19409e-07               0     -0.00122915     -0.00194359               0    -1.43254e-13      0.00295721      -0.0112233
             173      0.00034638           0.002         495.937    -1.17437e-07        -1.66142      0.00821688      0.00821493       0.0109468       0.0109398               0         0.60935     4.97794e-09     6.36337e-08     9.34439e-08               0      -0.0010875      -0.0017198               0    -1.26314e-13      0.00295721     -0.00992799
             174     0.000325772           0.002         495.937    -1.03882e-07        -1.66149       0.0072684      0.00726687      0.00968414      0.00967865               0        0.609364      3.8955e-09     4.97924e-08     7.31228e-08               0    -0.000962159      -0.0015217               0    -1.09194e-13      0.00295721     -0.00878214
             175     0.000306391           0.002         495.937    -9.18923e-08        -1.66155      0.00642938      0.00642819      0.00856699      0.00856269               0        0.609374     3.04796e-09     3.89625e-08      5.7222e-08               0    -0.000851232     -0.00134644               0    -8.06016e-14      0.00295721      -0.0077685
             176     0.000288162           0.002         495.937    -8.12858e-08         -1.6616      0.00568721      0.00568627      0.00757862      0.00757526               0        0.609387     2.38487e-09     3.04872e-08     4.47761e-08               0    -0.000753087     -0.00119124               0     -8.2844e-14      0.00295721     -0.00687183
             177     0.000271018           0.002         495.937    -7.19033e-08        -1.66165       0.0050307      0.00502997      0.00670422      0.00670159               0        0.609395     1.86582e-09     2.38559e-08      3.5038e-08               0     -0.00066624     -0.00105395               0    -7.87757e-14      0.00295721     -0.00607864
             178     0.000254895           0.002         495.937    -6.36035e-08        -1.66169      0.00444997      0.00444939      0.00593064      0.00592858               0        0.609405     1.46002e-09     1.86663e-08     2.74165e-08               0    -0.000589403    -0.000932416               0    -7.42547e-14      0.00295721     -0.00537699
             179      0.00023973           0.002         495.937    -5.62617e-08        -1.66173      0.00393627      0.00393582      0.00524629      0.00524467               0        0.609413     1.14216e-09     1.46061e-08      2.1453e-08               0    -0.000521417      -0.0008249               0    -6.18268e-14      0.00295721     -0.00475632
             180     0.000225467           0.002         495.937    -4.97673e-08        -1.66176      0.00348186      0.00348151      0.00464087      0.00463961               0        0.609417     8.93838e-10     1.14286e-08     1.67873e-08               0    -0.000461263    -0.000729811               0    -5.22049e-14      0.00295721     -0.00420728
             181     0.000212054           0.002         495.937    -4.40224e-08        -1.66179      0.00307991      0.00307964      0.00410529       0.0041043               0         0.60942     6.99248e-10     8.94264e-09     1.31362e-08               0    -0.000408044    -0.000645671               0    -4.21716e-14      0.00295721     -0.00372162
             182     0.000199438           0.002         495.937    -3.89406e-08        -1.66181      0.00272436      0.00272415      0.00363149      0.00363072               0        0.609431     5.47262e-10     6.99687e-09     1.02778e-08               0    -0.000360971    -0.000571131               0    -4.21469e-14      0.00295721     -0.00329201
             183     0.000187572           0.002         495.937    -3.44454e-08        -1.66183      0.00240986      0.00240969      0.00321237      0.00321176               0        0.609435     4.28167e-10      5.4748e-09     8.04208e-09               0     -0.00031932     -0.00050525               0     -3.5492e-14      0.00295721     -0.00291198
             184     0.000176413           0.002         495.937     -3.0469e-08        -1.66185      0.00213166      0.00213152       0.0028416      0.00284113               0        0.609443     3.34991e-10     4.28375e-09     6.29225e-09               0    -0.000282476    -0.000446927               0    -3.31413e-14      0.00295721     -0.00257583
             185     0.000165917           0.002         495.937    -2.69517e-08        -1.66187      0.00188557      0.00188547      0.00251362      0.00251325               0        0.609436     2.62053e-10     3.35201e-09     4.92428e-09               0    -0.000249869    -0.000395444               0    -2.52435e-14      0.00295721     -0.00227847
             186     0.000156046           0.002         495.937    -2.38404e-08        -1.66189      0.00166789      0.00166781      0.00222348      0.00222319               0        0.609451     2.05073e-10     2.62263e-09     3.85231e-09               0    -0.000221042    -0.000349735               0    -2.47072e-14      0.00295721     -0.00201545
             187     0.000146763           0.002         495.937    -2.10882e-08         -1.6619      0.00147534      0.00147528      0.00196683      0.00196661               0        0.609467     1.60417e-10     2.05197e-09     3.01375e-09               0     -0.00019554    -0.000309302               0    -3.16184e-14      0.00295721     -0.00178278
             188     0.000138031           0.002         495.937    -1.86537e-08        -1.66191      0.00130502      0.00130497       0.0017398      0.00173962               0        0.609539     1.25382e-10     1.60527e-09     2.35579e-09               0    -0.000173011    -0.000273247               0    -4.49521e-14      0.00295721     -0.00157697
             189     0.000129819           0.002         495.937    -1.65003e-08        -1.66192      0.00115436      0.00115432      0.00153897      0.00153883               0        0.609465     9.82291e-11     1.25627e-09     1.84524e-09               0    -0.000153004    -0.000242061               0     -1.8005e-14      0.00295721     -0.00139492
             190     0.000122096           0.002         495.937    -1.45954e-08        -1.66193       0.0010211      0.00102107      0.00136132      0.00136121               0        0.609463     7.68566e-11      9.8299e-10     1.44385e-09               0    -0.000135343     -0.00021414               0    -1.62423e-14      0.00295721     -0.00123389
             191     0.000114832           0.002         495.937    -1.29105e-08        -1.66194     0.000903215     0.000903191      0.00120418      0.00120409               0        0.609471     6.01343e-11     7.69093e-10     1.12967e-09               0    -0.000119723    -0.000189403               0    -1.52858e-14      0.00295721     -0.00109144
             192        0.000108           0.002         495.937      -1.142e-08        -1.66195     0.000798942     0.000798923      0.00106517       0.0010651               0        0.609451      4.7078e-11     6.01822e-10     8.84123e-10               0    -0.000105896    -0.000167612               0     -8.1826e-15      0.00295721    -0.000965439
             193     0.000101575           0.002         495.937    -1.01016e-08        -1.66196     0.000706707     0.000706693     0.000942209     0.000942157               0        0.609409      3.6837e-11     4.70899e-10     6.92309e-10               0    -9.36593e-05    -0.000148387               0    -1.03346e-14      0.00295721    -0.000853984
             194     9.55316e-05           0.002         495.937    -8.93545e-09        -1.66196      0.00062512     0.000625109     0.000833441       0.0008334               0        0.609377     2.88285e-11     3.68513e-10     5.41919e-10               0    -8.28388e-05    -0.000131343               0    -5.20321e-15      0.00295721    -0.000755396
             195     8.98481e-05           0.002         495.937    -7.90389e-09        -1.66197     0.000552952     0.000552943     0.000737228     0.000737196               0        0.609417     2.25749e-11     2.88254e-10     4.23795e-10               0    -7.32858e-05    -0.000116096               0    -7.58997e-15      0.00295721    -0.000668188
             196     8.45027e-05           0.002         495.937    -6.99142e-09        -1.66197     0.000489115     0.000489108     0.000652121     0.000652097               0        0.609673     1.75561e-11     2.25509e-10     3.30307e-10               0    -6.48802e-05    -0.000102196               0    -1.17315e-14      0.00295721    -0.000591049
             197     7.94753e-05           0.002         495.937    -6.18429e-09        -1.66198     0.000432648     0.000432643     0.000576839      0.00057682               0        0.609382      1.3813e-11     1.76486e-10     2.59621e-10               0     -5.7336e-05    -9.09032e-05               0    -6.68594e-15      0.00295721    -0.000522814
             198      7.4747e-05           0.002         495.937    -5.47033e-09        -1.66198       0.0003827     0.000382696     0.000510247     0.000510232               0          0.6097     1.07604e-11     1.38051e-10     2.02106e-10               0      -5.077e-05    -7.99298e-05               0    -7.84338e-15      0.00295721    -0.000462457
             199        7.03e-05           0.002         495.937     -4.8388e-09        -1.66198     0.000338519     0.000338515     0.000451343     0.000451331               0        0.609544     8.43646e-12     1.08042e-10      1.5852e-10               0    -4.48859e-05    -7.09126e-05               0    -5.08494e-15      0.00295721    -0.000409068
