          0.0001     3.34361e+07     3.34361e+07     3.34361e+07     1.63714e+09     1.63714e+09     3.34361e+07
     0.000105956     3.34355e+07     3.34355e+07     3.34355e+07     1.63711e+09     1.63711e+09     3.34355e+07
     0.000112267     3.34349e+07     3.34349e+07     3.34349e+07     1.63707e+09     1.63707e+09     3.34349e+07
     0.000118953     3.34342e+07     3.34342e+07     3.34342e+07     1.63702e+09     1.63702e+09     3.34342e+07
     0.000126038     3.34333e+07     3.34333e+07     3.34333e+07     1.63698e+09     1.63698e+09     3.34333e+07
     0.000133545     3.34324e+07     3.34324e+07     3.34324e+07     1.63692e+09     1.63692e+09     3.34324e+07
     0.000141499     3.34314e+07     3.34314e+07     3.34314e+07     1.63686e+09     1.63686e+09     3.34314e+07
     0.000149927     3.34302e+07     3.34302e+07     3.34302e+07     1.63679e+09     1.63679e+09     3.34302e+07
     0.000158857     3.34289e+07     3.34289e+07     3.34289e+07     1.63672e+09     1.63672e+09     3.34289e+07
     0.000168318     3.34274e+07     3.34274e+07     3.34274e+07     1.63663e+09     1.63663e+09     3.34274e+07
     0.000178343     3.34258e+07     3.34258e+07     3.34258e+07     1.63654e+09     1.63654e+09     3.34258e+07
     0.000188965     3.34239e+07     3.34239e+07     3.34239e+07     1.63643e+09     1.63643e+09     3.34239e+07
      0.00020022     3.34218e+07     3.34218e+07     3.34218e+07     1.63631e+09     1.63631e+09     3.34218e+07
     0.000212145     3.34195e+07     3.34195e+07     3.34195e+07     1.63617e+09     1.63617e+09     3.34195e+07
     0.000224781      3.3417e+07      3.3417e+07     3.34169e+07     1.63603e+09     1.63603e+09      3.3417e+07
     0.000238169     3.34141e+07     3.34141e+07     3.34141e+07     1.63586e+09     1.63586e+09     3.34141e+07
     0.000252354     3.34108e+07     3.34108e+07     3.34108e+07     1.63567e+09     1.63567e+09     3.34108e+07
     0.000267384     3.34072e+07     3.34072e+07     3.34072e+07     1.63546e+09     1.63546e+09     3.34072e+07
      0.00028331     3.34032e+07     3.34032e+07     3.34032e+07     1.63524e+09     1.63524e+09     3.34032e+07
     0.000300184     3.33987e+07     3.33987e+07     3.33987e+07     1.63498e+09     1.63498e+09     3.33987e+07
     0.000318063     3.33937e+07     3.33937e+07     3.33937e+07      1.6347e+09      1.6347e+09     3.33937e+07
     0.000337006     3.33881e+07     3.33881e+07      3.3388e+07     1.63438e+09     1.63438e+09     3.33881e+07
     0.000357079     3.33818e+07     3.33818e+07     3.33818e+07     1.63403e+09     1.63403e+09     3.33818e+07
     0.000378346     3.33749e+07     3.33749e+07     3.33749e+07     1.63364e+09     1.63364e+09     3.33749e+07
     0.000400881     3.33672e+07     3.33672e+07     3.33671e+07     1.63322e+09     1.63322e+09     3.33672e+07
     0.000424757     3.33586e+07     3.33586e+07     3.33586e+07     1.63274e+09     1.63274e+09     3.33586e+07
     0.000450056     3.33491e+07     3.33491e+07     3.33491e+07     1.63222e+09     1.63222e+09     3.33491e+07
     0.000476861     3.33386e+07     3.33386e+07     3.33385e+07     1.63165e+09     1.63165e+09     3.33386e+07
     0.000505263     3.33269e+07     3.33269e+07     3.33268e+07     1.63102e+09     1.63102e+09     3.33269e+07
     0.000535357      3.3314e+07      3.3314e+07     3.33139e+07     1.63033e+09     1.63033e+09      3.3314e+07
     0.000567243     3.32997e+07     3.32997e+07     3.32997e+07     1.62957e+09     1.62957e+09     3.32997e+07
     0.000601028      3.3284e+07      3.3284e+07      3.3284e+07     1.62875e+09     1.62875e+09      3.3284e+07
     0.000636825     3.32667e+07     3.32668e+07     3.32667e+07     1.62784e+09     1.62784e+09     3.32667e+07
     0.000674754     3.32477e+07     3.32478e+07     3.32477e+07     1.62686e+09     1.62686e+09     3.32477e+07
     0.000714943     3.32269e+07     3.32269e+07     3.32268e+07     1.62579e+09     1.62579e+09     3.32269e+07
     0.000757525      3.3204e+07      3.3204e+07     3.32039e+07     1.62462e+09     1.62462e+09      3.3204e+07
     0.000802643      3.3179e+07      3.3179e+07     3.31789e+07     1.62336e+09     1.62336e+09      3.3179e+07
     0.000850449     3.31517e+07     3.31517e+07     3.31515e+07     1.62198e+09     1.62198e+09     3.31517e+07
     0.000901102     3.31218e+07     3.31218e+07     3.31217e+07     1.62049e+09     1.62049e+09     3.31218e+07
     0.000954772     3.30893e+07     3.30893e+07     3.30891e+07     1.61887e+09     1.61887e+09     3.30893e+07
      0.00101164     3.30539e+07     3.30539e+07     3.30537e+07     1.61711e+09     1.61711e+09     3.30539e+07
      0.00107189     3.30154e+07     3.30154e+07     3.30152e+07     1.61521e+09     1.61521e+09     3.30154e+07
      0.00113573     3.29736e+07     3.29736e+07     3.29733e+07     1.61314e+09     1.61314e+09     3.29736e+07
      0.00120338     3.29282e+07     3.29282e+07     3.29279e+07      1.6109e+09      1.6109e+09     3.29282e+07
      0.00127505     3.28789e+07      3.2879e+07     3.28787e+07     1.60848e+09     1.60848e+09     3.28789e+07
      0.00135099     3.28256e+07     3.28257e+07     3.28253e+07     1.60585e+09     1.60585e+09     3.28256e+07
      0.00143146     3.27679e+07      3.2768e+07     3.27676e+07     1.60302e+09     1.60302e+09     3.27679e+07
      0.00151672     3.27056e+07     3.27057e+07     3.27052e+07     1.59995e+09     1.59995e+09     3.27056e+07
      0.00160705     3.26382e+07     3.26383e+07     3.26378e+07     1.59665e+09     1.59665e+09     3.26382e+07
      0.00170277     3.25656e+07     3.25657e+07     3.25651e+07     1.59309e+09     1.59308e+09     3.25656e+07
      0.00180419     3.24872e+07     3.24874e+07     3.24867e+07     1.58924e+09     1.58924e+09     3.24872e+07
      0.00191164     3.24029e+07      3.2403e+07     3.24023e+07     1.58511e+09     1.58511e+09     3.24029e+07
       0.0020255     3.23122e+07     3.23123e+07     3.23115e+07     1.58067e+09     1.58067e+09     3.23122e+07
      0.00214614     3.22147e+07     3.22149e+07     3.22139e+07     1.57589e+09     1.57589e+09     3.22147e+07
      0.00227397     3.21101e+07     3.21103e+07     3.21092e+07     1.57077e+09     1.57077e+09     3.21101e+07
       0.0024094     3.19978e+07     3.19981e+07     3.19969e+07     1.56527e+09     1.56527e+09     3.19978e+07
      0.00255291     3.18777e+07     3.18779e+07     3.18765e+07     1.55939e+09     1.55939e+09     3.18777e+07
      0.00270496      3.1749e+07     3.17493e+07     3.17478e+07     1.55309e+09     1.55309e+09      3.1749e+07
      0.00286607     3.16116e+07     3.16119e+07     3.16102e+07     1.54637e+09     1.54636e+09     3.16116e+07
      0.00303677     3.14648e+07     3.14651e+07     3.14632e+07     1.53918e+09     1.53918e+09     3.14648e+07
      0.00321764     3.13082e+07     3.13086e+07     3.13065e+07     1.53152e+09     1.53152e+09     3.13082e+07
      0.00340929     3.11415e+07     3.11419e+07     3.11395e+07     1.52336e+09     1.52336e+09     3.11415e+07
      0.00361234      3.0964e+07     3.09645e+07     3.09618e+07     1.51468e+09     1.51467e+09      3.0964e+07
      0.00382749     3.07753e+07     3.07759e+07     3.07729e+07     1.50545e+09     1.50544e+09     3.07753e+07
      0.00405546      3.0575e+07     3.05757e+07     3.05723e+07     1.49565e+09     1.49564e+09      3.0575e+07
        0.004297     3.03626e+07     3.03633e+07     3.03596e+07     1.48526e+09     1.48525e+09     3.03626e+07
      0.00455294     3.01376e+07     3.01383e+07     3.01342e+07     1.47425e+09     1.47424e+09     3.01376e+07
      0.00482411     2.98995e+07     2.99003e+07     2.98957e+07      1.4626e+09     1.46259e+09     2.98995e+07
      0.00511143     2.96477e+07     2.96487e+07     2.96435e+07     1.45028e+09     1.45028e+09     2.96477e+07
      0.00541587      2.9382e+07      2.9383e+07     2.93772e+07     1.43728e+09     1.43728e+09      2.9382e+07
      0.00573844     2.91016e+07     2.91028e+07     2.90964e+07     1.42357e+09     1.42356e+09     2.91016e+07
      0.00608022     2.88063e+07     2.88076e+07     2.88004e+07     1.40912e+09     1.40911e+09     2.88063e+07
      0.00644236     2.84954e+07     2.84968e+07     2.84889e+07     1.39391e+09      1.3939e+09     2.84954e+07
      0.00682607     2.81685e+07     2.81701e+07     2.81613e+07     1.37792e+09     1.37791e+09     2.81685e+07
      0.00723263     2.78252e+07      2.7827e+07     2.78171e+07     1.36112e+09     1.36112e+09     2.78252e+07
      0.00766341     2.74649e+07     2.74669e+07     2.74559e+07      1.3435e+09     1.34349e+09     2.74649e+07
      0.00811984     2.70872e+07     2.70894e+07     2.70772e+07     1.32502e+09     1.32501e+09     2.70872e+07
      0.00860346     2.66915e+07      2.6694e+07     2.66804e+07     1.30567e+09     1.30566e+09     2.66915e+07
      0.00911589     2.62775e+07     2.62802e+07     2.62652e+07     1.28541e+09      1.2854e+09     2.62775e+07
      0.00965883     2.58446e+07     2.58476e+07      2.5831e+07     1.26424e+09     1.26422e+09     2.58446e+07
       0.0102341     2.53923e+07     2.53956e+07     2.53773e+07     1.24212e+09      1.2421e+09     2.53923e+07
       0.0108437     2.49203e+07      2.4924e+07     2.49037e+07     1.21903e+09     1.21901e+09     2.49203e+07
       0.0114895     2.44281e+07     2.44321e+07     2.44097e+07     1.19495e+09     1.19493e+09     2.44281e+07
       0.0121738     2.39152e+07     2.39197e+07      2.3895e+07     1.16986e+09     1.16984e+09     2.39152e+07
       0.0128989     2.33813e+07     2.33863e+07     2.33591e+07     1.14375e+09     1.14372e+09     2.33813e+07
       0.0136672     2.28262e+07     2.28316e+07     2.28018e+07     1.11659e+09     1.11657e+09     2.28262e+07
       0.0144812     2.22496e+07     2.22556e+07     2.22228e+07     1.08839e+09     1.08836e+09     2.22496e+07
       0.0153437     2.16515e+07      2.1658e+07     2.16222e+07     1.05913e+09      1.0591e+09     2.16515e+07
       0.0162576     2.10319e+07     2.10389e+07     2.09999e+07     1.02882e+09     1.02879e+09     2.10319e+07
       0.0172259      2.0391e+07     2.03987e+07     2.03562e+07     9.97469e+08     9.97435e+08      2.0391e+07
       0.0182518     1.97294e+07     1.97378e+07     1.96918e+07     9.65108e+08     9.65071e+08     1.97294e+07
       0.0193389      1.9048e+07      1.9057e+07     1.90073e+07     9.31776e+08     9.31737e+08      1.9048e+07
       0.0204907     1.83481e+07     1.83577e+07     1.83043e+07     8.97537e+08     8.97495e+08     1.83481e+07
       0.0217112     1.76313e+07     1.76417e+07     1.75844e+07     8.62476e+08     8.62431e+08     1.76313e+07
       0.0230043        1.69e+07     1.69111e+07     1.68501e+07     8.26705e+08     8.26657e+08        1.69e+07
       0.0243744     1.61573e+07      1.6169e+07     1.61044e+07      7.9037e+08     7.90321e+08     1.61573e+07
       0.0258262     1.54067e+07      1.5419e+07     1.53511e+07     7.53654e+08     7.53603e+08     1.54067e+07
       0.0273644     1.46527e+07     1.46656e+07     1.45947e+07     7.16773e+08      7.1672e+08     1.46527e+07
       0.0289942     1.39007e+07      1.3914e+07     1.38406e+07     6.79989e+08     6.79933e+08     1.39007e+07
       0.0307211     1.31567e+07     1.31703e+07     1.30951e+07     6.43594e+08     6.43538e+08     1.31567e+07
       0.0325509     1.24274e+07     1.24412e+07     1.23649e+07      6.0792e+08     6.07864e+08     1.24274e+07
       0.0344896     1.17201e+07     1.17339e+07     1.16575e+07     5.73319e+08     5.73264e+08     1.17201e+07
       0.0365438     1.10421e+07     1.10558e+07     1.09803e+07     5.40154e+08       5.401e+08     1.10421e+07
       0.0387204     1.04006e+07     1.04139e+07     1.03405e+07     5.08774e+08     5.08722e+08     1.04006e+07
       0.0410266     9.80192e+06     9.81462e+06     9.74454e+06     4.79488e+08     4.79439e+08     9.80192e+06
       0.0434701     9.25087e+06     9.26275e+06     9.19718e+06     4.52531e+08     4.52487e+08     9.25087e+06
       0.0460592        8.75e+06     8.76087e+06     8.70089e+06     4.28029e+08     4.27991e+08        8.75e+06
       0.0488025     8.29886e+06     8.30856e+06     8.25504e+06      4.0596e+08     4.05927e+08     8.29886e+06
       0.0517092     7.89339e+06     7.90182e+06     7.85529e+06     3.86125e+08     3.86098e+08     7.89339e+06
        0.054789     7.52565e+06     7.53279e+06     7.49333e+06     3.68134e+08     3.68113e+08     7.52565e+06
       0.0580523     7.18402e+06     7.18997e+06     7.15715e+06     3.51422e+08     3.51406e+08     7.18402e+06
       0.0615099     6.85427e+06     6.85919e+06     6.83203e+06     3.35291e+08     3.35279e+08     6.85427e+06
       0.0651734     6.52127e+06     6.52543e+06     6.50246e+06     3.19001e+08     3.18992e+08     6.52127e+06
       0.0690551      6.1717e+06     6.17543e+06     6.15485e+06     3.01902e+08     3.01893e+08      6.1717e+06
       0.0731681      5.7972e+06     5.80084e+06     5.78076e+06     2.83582e+08     2.83573e+08      5.7972e+06
        0.077526     5.39737e+06     5.40121e+06        5.38e+06     2.64024e+08     2.64013e+08     5.39737e+06
       0.0821434     4.98165e+06     4.98588e+06     4.96254e+06     2.43689e+08     2.43675e+08     4.98165e+06
       0.0870359     4.56896e+06     4.57359e+06     4.54804e+06     2.23502e+08     2.23486e+08     4.56896e+06
       0.0922198     4.18405e+06     4.18891e+06     4.16206e+06     2.04673e+08     2.04656e+08     4.18405e+06
       0.0977124     3.85058e+06     3.85536e+06     3.82894e+06     1.88361e+08     1.88344e+08     3.85058e+06
        0.103532     3.58233e+06     3.58668e+06     3.56268e+06     1.75239e+08     1.75224e+08     3.58233e+06
        0.109699     3.37572e+06     3.37934e+06     3.35934e+06     1.65131e+08      1.6512e+08     3.37572e+06
        0.116232      3.2079e+06     3.21072e+06     3.19514e+06     1.56922e+08     1.56913e+08      3.2079e+06
        0.123155     3.04397e+06     3.04617e+06     3.03405e+06     1.48902e+08     1.48897e+08     3.04397e+06
         0.13049     2.85275e+06     2.85468e+06     2.84402e+06     1.39548e+08     1.39543e+08     2.85275e+06
        0.138262     2.62454e+06     2.62657e+06     2.61535e+06     1.28385e+08     1.28379e+08     2.62454e+06
        0.146497     2.37959e+06     2.38188e+06      2.3692e+06     1.16403e+08     1.16396e+08     2.37959e+06
        0.155223     2.15739e+06     2.15982e+06     2.14644e+06     1.05534e+08     1.05526e+08     2.15739e+06
        0.164468     1.98901e+06     1.99124e+06     1.97895e+06     9.72975e+07     9.72901e+07     1.98901e+06
        0.174263     1.87094e+06     1.87273e+06     1.86288e+06     9.15216e+07     9.15161e+07     1.87094e+06
        0.184642     1.76582e+06     1.76721e+06     1.75953e+06     8.63788e+07     8.63749e+07     1.76582e+06
         0.19564     1.63651e+06     1.63779e+06     1.63073e+06     8.00536e+07       8.005e+07     1.63651e+06
        0.207292     1.48422e+06     1.48561e+06     1.47798e+06     7.26043e+07     7.25998e+07     1.48422e+06
        0.219639     1.34585e+06     1.34726e+06     1.33947e+06     6.58356e+07     6.58309e+07     1.34585e+06
         0.23272     1.24661e+06     1.24784e+06     1.24109e+06     6.09811e+07     6.09773e+07     1.24661e+06
        0.246581     1.16687e+06     1.16786e+06     1.16239e+06     5.70799e+07      5.7077e+07     1.16687e+06
        0.261268     1.07414e+06     1.07507e+06     1.06997e+06     5.25441e+07     5.25413e+07     1.07414e+06
        0.276829          974054          974998          969788     4.76482e+07     4.76451e+07          974054
        0.293317          893808          894669          889918     4.37228e+07     4.37201e+07          893808
        0.310787          829139          829869          825836     4.05592e+07      4.0557e+07          829139
        0.329297          759222          759911          756110     3.71391e+07      3.7137e+07          759222
         0.34891          691864          692522          688889     3.38442e+07     3.38421e+07          691864
        0.369691          637164          637743          634547     3.11684e+07     3.11666e+07          637164
         0.39171          583844          584376          581440     2.85601e+07     2.85584e+07          583844
         0.41504          532850          533347          530604     2.60656e+07     2.60641e+07          532850
         0.43976          488859          489304          486846     2.39137e+07     2.39123e+07          488859
        0.465953          446543          446954          444681     2.18437e+07     2.18424e+07          446543
        0.493705          408267          408642          406572     1.99713e+07     1.99702e+07          408267
         0.52311          373101          373443          371553     1.82511e+07       1.825e+07          373101
        0.554266          340637          340951          339222     1.66631e+07     1.66621e+07          340637
        0.587279          311006          311291          309715     1.52136e+07     1.52127e+07          311006
        0.622257          283740          284001          282562     1.38798e+07      1.3879e+07          283740
        0.659319          258784          259021          257710      1.2659e+07     1.26583e+07          258784
        0.698588          235932          236148          234953     1.15412e+07     1.15405e+07          235932
        0.740196          214996          215193          214104      1.0517e+07     1.05164e+07          214996
        0.784282          195851          196031          195039     9.58051e+06     9.57995e+06          195851
        0.830994          178338          178502          177598     8.72381e+06     8.72331e+06          178338
        0.880488          162330          162479          161656     7.94073e+06     7.94026e+06          162330
         0.93293          147707          147843          147095     7.22544e+06     7.22502e+06          147707
        0.988496          134354          134477          133797     6.57224e+06     6.57185e+06          134354
         1.04737          122165          122278          121659       5.976e+06     5.97566e+06          122165
         1.10975          111045          111147          110585     5.43202e+06      5.4317e+06          111045
         1.17585          100905          100997          100486     4.93599e+06      4.9357e+06          100905
         1.24588         91661.1         91745.2         91281.1     4.48381e+06     4.48356e+06         91661.1
         1.32009           83238         83314.3         82892.9     4.07178e+06     4.07154e+06           83238
         1.39871         75566.5         75635.8         75253.3     3.69651e+06      3.6963e+06         75566.5
         1.48202         68581.8         68644.7         68297.6     3.35484e+06     3.35465e+06         68581.8
         1.57029         62224.7         62281.8         61966.8     3.04387e+06     3.04369e+06         62224.7
         1.66382         56441.4         56493.2         56207.5     2.76096e+06      2.7608e+06         56441.4
         1.76291         51181.4         51228.3         50969.3     2.50366e+06     2.50351e+06         51181.4
         1.86791         46399.6         46442.1         46207.3     2.26974e+06     2.26961e+06         46399.6
         1.97917         42053.5         42092.1         41879.2     2.05715e+06     2.05702e+06         42053.5
         2.09705           38105           38140         37947.1       1.864e+06     1.86389e+06           38105
         2.22195         34518.9         34550.5         34375.8     1.68857e+06     1.68847e+06         34518.9
         2.35429         31262.8         31291.4         31133.2     1.52929e+06      1.5292e+06         31262.8
         2.49451         28307.3         28333.3           28190     1.38472e+06     1.38464e+06         28307.3
         2.64308         25625.4         25648.9         25519.2     1.25353e+06     1.25345e+06         25625.4
          2.8005         23192.6         23213.8         23096.4     1.13452e+06     1.13445e+06         23192.6
          2.9673         20986.1         21005.4         20899.1     1.02659e+06     1.02652e+06         20986.1
         3.14404         18985.5         19002.9         18906.8          928718          928663         18985.5
         3.33129           17172         17187.7         17100.8          840007          839958           17172
         3.52971         15528.4         15542.7           15464          759609          759564         15528.4
         3.73994         14039.3         14052.1           13981          686763          686722         14039.3
         3.96269         12690.3           12702         12637.7          620778          620740         12690.3
         4.19871         11468.8         11479.3         11421.2          561024          560990         11468.8
         4.44878         10362.9         10372.5         10319.9          506927          506896         10362.9
         4.71375         9362.05         9370.65         9323.19          457966          457939         9362.05
         4.99451         8456.43          8464.2         8421.32          413666          413640         8456.43
         5.29198         7637.18         7644.19         7605.45          373590          373567         7637.18
         5.60717         6896.15         6902.49          6867.5          337341          337320         6896.15
         5.94113         6225.95         6231.68         6200.07          304557          304537         6225.95
         6.29499         5619.87         5625.04          5596.5          274909          274891         5619.87
         6.66992         5071.88         5076.55         5050.78          248103          248087         5071.88
         7.06718         4576.61         4580.82         4557.55          223876          223861         4576.61
          7.4881         4129.15         4132.96         4111.95          201987          201974         4129.15
          7.9341         3724.98         3728.42         3709.45          182216          182204         3724.98
         8.40665         3359.87         3362.97         3345.84          164356          164344         3359.87
         8.90735         3030.01         3032.81         3017.35          148220          148209         3030.01
         9.43788         2732.09         2734.62         2720.66          133647          133637         2732.09
              10         2463.18         2465.47         2452.87          120493          120483         2463.18
