          0.0001         68496.9           68497         68496.4     1.04384e+08     1.04383e+08     3.34361e+07
     0.000106326         68496.8           68497         68496.2     1.04383e+08     1.04383e+08     3.34355e+07
     0.000113052         68496.8         68496.9         68496.1     1.04383e+08     1.04382e+08     3.34348e+07
     0.000120203         68496.6         68496.8         68495.8     1.04383e+08     1.04382e+08      3.3434e+07
     0.000127807         68496.6         68496.8         68495.7     1.04383e+08     1.04382e+08     3.34331e+07
     0.000135891         68496.4         68496.7         68495.4     1.04383e+08     1.04381e+08     3.34321e+07
     0.000144487         68496.3         68496.5         68495.1     1.04382e+08     1.04381e+08     3.34309e+07
     0.000153627         68496.1         68496.4         68494.8     1.04382e+08      1.0438e+08     3.34296e+07
     0.000163345         68495.9         68496.3         68494.5     1.04381e+08      1.0438e+08     3.34282e+07
     0.000173678         68495.7         68496.1         68494.1     1.04381e+08     1.04379e+08     3.34265e+07
     0.000184665         68495.5         68495.9         68493.6      1.0438e+08     1.04378e+08     3.34247e+07
     0.000196346         68495.2         68495.7         68493.1      1.0438e+08     1.04377e+08     3.34226e+07
     0.000208766         68494.9         68495.5         68492.5     1.04379e+08     1.04376e+08     3.34202e+07
     0.000221972         68494.6         68495.2         68491.9     1.04378e+08     1.04375e+08     3.34175e+07
     0.000236013         68494.2         68494.9         68491.2     1.04378e+08     1.04374e+08     3.34145e+07
     0.000250943         68493.8         68494.6         68490.3     1.04377e+08     1.04372e+08     3.34112e+07
     0.000266817         68493.3         68494.2         68489.4     1.04376e+08      1.0437e+08     3.34074e+07
     0.000283695         68492.8         68493.7         68488.3     1.04374e+08     1.04368e+08     3.34031e+07
     0.000301641         68492.1         68493.2         68487.1     1.04373e+08     1.04366e+08     3.33983e+07
     0.000320722         68491.4         68492.7         68485.8     1.04371e+08     1.04364e+08     3.33929e+07
      0.00034101         68490.6         68492.1         68484.2      1.0437e+08     1.04361e+08     3.33869e+07
     0.000362581         68489.7         68491.3         68482.5     1.04368e+08     1.04358e+08     3.33801e+07
     0.000385517         68488.7         68490.5         68480.6     1.04365e+08     1.04355e+08     3.33725e+07
     0.000409904         68487.6         68489.6         68478.3     1.04363e+08     1.04351e+08      3.3364e+07
     0.000435833         68486.3         68488.6         68475.9      1.0436e+08     1.04346e+08     3.33545e+07
     0.000463403         68484.8         68487.4           68473     1.04357e+08     1.04341e+08     3.33439e+07
     0.000492716         68483.2         68486.1         68469.8     1.04353e+08     1.04335e+08     3.33321e+07
     0.000523884         68481.3         68484.6         68466.2     1.04349e+08     1.04329e+08      3.3319e+07
     0.000557024         68479.2           68483         68462.1     1.04344e+08     1.04321e+08     3.33044e+07
     0.000592259         68476.8         68481.1         68457.5     1.04339e+08     1.04313e+08     3.32882e+07
     0.000629724         68474.1         68478.9         68452.3     1.04333e+08     1.04304e+08     3.32702e+07
     0.000669559           68471         68476.5         68446.4     1.04326e+08     1.04293e+08     3.32504e+07
     0.000711913         68467.6         68473.7         68439.7     1.04318e+08     1.04281e+08     3.32285e+07
     0.000756947         68463.7         68470.6         68432.2     1.04309e+08     1.04268e+08     3.32043e+07
     0.000804829         68459.2         68467.1         68423.7     1.04299e+08     1.04252e+08     3.31778e+07
      0.00085574         68454.3         68463.2           68414     1.04288e+08     1.04235e+08     3.31486e+07
     0.000909872         68448.6         68458.7         68403.1     1.04276e+08     1.04215e+08     3.31166e+07
     0.000967428         68442.2         68453.6         68390.8     1.04261e+08     1.04193e+08     3.30815e+07
      0.00102862           68435         68447.9         68376.9     1.04245e+08     1.04168e+08     3.30431e+07
      0.00109369         68426.9         68441.4         68361.2     1.04227e+08      1.0414e+08     3.30012e+07
      0.00116288         68417.7         68434.1         68343.4     1.04206e+08     1.04108e+08     3.29555e+07
      0.00123644         68407.3         68425.8         68323.3     1.04183e+08     1.04072e+08     3.29056e+07
      0.00131465         68395.5         68416.5         68300.6     1.04157e+08     1.04031e+08     3.28513e+07
      0.00139781         68382.2         68405.9         68274.9     1.04127e+08     1.03985e+08     3.27922e+07
      0.00148623         68367.2           68394         68245.9     1.04094e+08     1.03933e+08      3.2728e+07
      0.00158025         68350.2         68380.5         68213.2     1.04056e+08     1.03874e+08     3.26583e+07
      0.00168021           68331         68365.3         68176.1     1.04013e+08     1.03808e+08     3.25828e+07
       0.0017865         68309.3         68348.1         68134.3     1.03965e+08     1.03733e+08      3.2501e+07
       0.0018995         68284.8         68328.6           68087      1.0391e+08     1.03648e+08     3.24125e+07
      0.00201966         68257.2         68306.6         68033.6     1.03848e+08     1.03552e+08     3.23169e+07
      0.00214742         68225.9         68281.8         67973.3     1.03779e+08     1.03444e+08     3.22137e+07
      0.00228326         68190.6         68253.8         67905.1       1.037e+08     1.03322e+08     3.21024e+07
      0.00242769         68150.7         68222.1         67828.1     1.03611e+08     1.03184e+08     3.19826e+07
      0.00258126         68105.7         68186.3         67741.2     1.03511e+08     1.03029e+08     3.18538e+07
      0.00274455         68054.9           68146           67643     1.03398e+08     1.02853e+08     3.17154e+07
      0.00291816         67997.5         68100.4         67532.2     1.03271e+08     1.02655e+08     3.15669e+07
      0.00310275         67932.7         68048.9         67407.1     1.03127e+08     1.02432e+08     3.14078e+07
      0.00329902         67859.6         67990.9           67266     1.02965e+08      1.0218e+08     3.12375e+07
      0.00350771         67777.1         67925.4         67106.7     1.02782e+08     1.01896e+08     3.10555e+07
       0.0037296           67684         67851.5         66927.1     1.02577e+08     1.01576e+08     3.08612e+07
      0.00396552         67579.1         67768.2         66724.6     1.02345e+08     1.01216e+08     3.06541e+07
      0.00421637         67460.9         67674.3         66496.2     1.02085e+08     1.00811e+08     3.04335e+07
      0.00448309         67327.6         67568.5         66238.9     1.01792e+08     1.00355e+08      3.0199e+07
      0.00476667         67177.6         67449.3         65949.2     1.01463e+08     9.98428e+07     2.99498e+07
       0.0050682         67008.6         67315.2         65622.9     1.01093e+08     9.92671e+07     2.96856e+07
       0.0053888         66818.5         67164.3         65255.8     1.00679e+08     9.86209e+07     2.94055e+07
      0.00572968         66604.8         66994.6         64843.1     1.00214e+08     9.78963e+07     2.91092e+07
      0.00609213         66364.6         66803.9         64379.2     9.96935e+07     9.70845e+07      2.8796e+07
       0.0064775           66095         66589.8         63858.4     9.91118e+07     9.61762e+07     2.84654e+07
      0.00688725         65792.5         66349.6         63274.2     9.84622e+07     9.51612e+07     2.81167e+07
      0.00732291         65453.5         66080.5         62619.5      9.7738e+07     9.40287e+07     2.77494e+07
      0.00778614           65074         65779.2         61886.5     9.69321e+07     9.27673e+07     2.73629e+07
      0.00827867         64649.7         65442.3         61067.2      9.6037e+07     9.13649e+07     2.69567e+07
      0.00880236           64176         65066.2         60152.4     9.50449e+07     8.98091e+07     2.65302e+07
      0.00935917           63648         64646.9           59133     9.39483e+07     8.80873e+07     2.60828e+07
       0.0099512         63060.4         64180.2         57998.9     9.27393e+07     8.61869e+07     2.56139e+07
       0.0105807         62407.9         63661.9         56739.9     9.14105e+07     8.40958e+07      2.5123e+07
         0.01125         61684.9         63087.4         55345.7     8.99551e+07     8.18028e+07     2.46097e+07
       0.0119616         60885.7         62452.1         53805.7     8.83669e+07     7.92979e+07     2.40733e+07
       0.0127183         60004.8         61751.5         52109.9     8.66411e+07     7.65733e+07     2.35134e+07
       0.0135228         59036.8           60981         50249.1     8.47743e+07     7.36242e+07     2.29297e+07
       0.0143782         57976.7         60136.4         48214.9     8.27652e+07     7.04492e+07     2.23219e+07
       0.0152878         56820.3         59213.9         46001.4     8.06146e+07     6.70518e+07     2.16899e+07
       0.0162548         55563.9         58209.8         43604.4      7.8326e+07     6.34408e+07     2.10337e+07
       0.0172831         54205.2         57121.5         41023.5     7.59058e+07     5.96318e+07     2.03536e+07
       0.0183763         52743.4         55947.1         38262.7     7.33632e+07     5.56481e+07     1.96504e+07
       0.0195388         51179.5         54685.8         35331.4     7.07108e+07     5.15211e+07     1.89249e+07
       0.0207747         49516.6         53337.7         32245.2     6.79635e+07     4.72915e+07      1.8179e+07
       0.0220889         47760.3         51904.7         29027.9     6.51387e+07     4.30091e+07     1.74147e+07
       0.0234862           45919         50389.6         25711.9     6.22554e+07     3.87329e+07      1.6635e+07
       0.0249719           44004           48797         22339.4     5.93334e+07     3.45306e+07     1.58438e+07
       0.0265515         42029.6         47132.8           18963     5.63927e+07     3.04777e+07     1.50458e+07
       0.0282311         40013.2         45404.2         15645.8      5.3453e+07     2.66558e+07     1.42468e+07
       0.0300169         37975.3           43620         12461.2     5.05337e+07     2.31503e+07     1.34535e+07
       0.0319157         35938.8         41790.1         9490.68     4.76538e+07     2.00478e+07     1.26737e+07
       0.0339346         33928.6         39925.8          6821.1     4.48324e+07     1.74315e+07     1.19158e+07
       0.0360812         31970.8         38039.6         4540.23     4.20894e+07     1.53752e+07     1.11885e+07
       0.0383636         30091.6         36145.1         2730.02     3.94452e+07      1.3936e+07     1.05005e+07
       0.0407904         28315.1           34257         1457.99     3.69197e+07     1.31433e+07      9.8596e+06
       0.0433706         26661.5         32390.4         766.735     3.45311e+07     1.29876e+07     9.27175e+06
       0.0461141         25144.2         30560.6         662.335     3.22935e+07     1.34088e+07     8.74021e+06
       0.0490312         23767.5         28781.7         1103.13     3.02158e+07     1.42871e+07     8.26448e+06
       0.0521328         22523.7         27066.2         1991.31      2.8301e+07       1.544e+07     7.83948e+06
       0.0554306         21392.4         25423.8         3170.47     2.65454e+07     1.66291e+07     7.45524e+06
       0.0589369         20341.1         23860.7         4432.79     2.49376e+07     1.75781e+07     7.09729e+06
       0.0626651         19328.3           22379          5539.2     2.34555e+07     1.80067e+07     6.74822e+06
       0.0666291         18309.4         20976.5          6254.1     2.20655e+07     1.76807e+07     6.39034e+06
       0.0708439           17246         19647.1         6393.03     2.07276e+07     1.64777e+07     6.00947e+06
       0.0753253         16116.4           18382         5876.01     1.94076e+07     1.44518e+07      5.5992e+06
       0.0800902         14925.6           17172         4772.18     1.80889e+07     1.18696e+07     5.16448e+06
       0.0851565         13710.6         16010.6         3314.94     1.67763e+07     9.18566e+06     4.72282e+06
       0.0905432         12535.4         14895.8         1866.67     1.54931e+07     6.94493e+06     4.30156e+06
       0.0962707         11474.3         13830.9         822.797     1.42758e+07     5.62087e+06     3.93032e+06
        0.102361         10584.9         12822.9         469.282      1.3164e+07     5.42503e+06     3.62984e+06
        0.108836         9879.68         11879.3         841.523     1.21823e+07     6.15947e+06     3.40095e+06
         0.11572         9311.02         11003.5         1661.06     1.13253e+07     7.21982e+06      3.2201e+06
         0.12304         8784.45         10191.9         2422.79     1.05535e+07     7.82332e+06     3.04676e+06
        0.130824         8203.97         9434.34         2642.69     9.80945e+06      7.4167e+06     2.84342e+06
        0.139099         7531.02         8719.19         2160.49     9.05504e+06     6.05376e+06     2.59917e+06
        0.147898          6817.4         8040.47         1289.13      8.2967e+06      4.4366e+06     2.34036e+06
        0.157254         6174.47         7401.28         629.278     7.58217e+06     3.46673e+06     2.11433e+06
        0.167201         5684.16         6809.45         597.858     6.96136e+06     3.52327e+06     1.95143e+06
        0.177778         5320.45         6267.81         1038.37     6.43605e+06     4.08416e+06     1.83554e+06
        0.189024         4968.73          5768.7          1352.9      5.9558e+06     4.20527e+06     1.71736e+06
        0.200981         4547.22         5300.31         1143.23     5.47035e+06     3.52449e+06     1.56665e+06
        0.213694         4101.49            4859          677.56     4.98473e+06     2.67511e+06     1.40721e+06
        0.227212         3738.32         4451.22         516.022     4.55073e+06     2.43559e+06     1.28326e+06
        0.241585         3469.54         4080.63         707.426     4.18678e+06     2.63377e+06     1.19536e+06
        0.256867         3201.63          3739.3         771.364     3.84824e+06     2.51052e+06     1.10329e+06
        0.273115         2900.37         3419.16         555.461     3.50737e+06     2.03384e+06          996411
        0.290392         2637.28         3123.36         440.184     3.19546e+06      1.8172e+06          905934
        0.308761         2430.02         2854.79         510.035     2.92809e+06     1.83141e+06          836503
        0.328293         2218.75         2606.89           464.4     2.67449e+06     1.63278e+06          763034
        0.349059         2012.54         2376.95         365.409     2.43287e+06       1.417e+06          691418
         0.37114         1842.24         2167.54         371.898     2.22075e+06     1.35962e+06          633640
        0.394617          1678.4         1975.23         336.693     2.02372e+06     1.22157e+06          576962
         0.41958         1525.25         1798.16         291.711     1.84042e+06      1.0985e+06          524201
        0.446121         1391.04         1636.76         280.415     1.67623e+06     1.01974e+06          478237
        0.474342         1263.42          1488.6         245.626     1.52353e+06          912963          434184
        0.504347         1149.48         1353.28         228.334     1.38516e+06          838732          395106
        0.536251         1043.89         1229.52         204.842     1.25814e+06          757272          358739
        0.570172         948.253         1116.55         187.568     1.14248e+06          690515          325889
         0.60624         860.498         1013.41         169.319     1.03676e+06          625216          295700
        0.644589         780.738         919.365         154.143          940467          568036          268289
        0.685364         707.916         833.653         139.587          852678          514856          243254
        0.728718         641.631         755.591         126.536          772753          466664          220469
        0.774815         581.296         684.528         114.685          700009          422868          199731
        0.823827         526.393         619.878         103.845          633835          382935          180861
         0.87594         476.473         561.091         93.9982          573672          346631          163704
         0.93135         431.118         507.679         85.0618          519019          313652          148117
        0.990265         389.923         459.168          76.937          469386          283696          133960
         1.05291         352.527         415.129         69.5617          424334          256498          121109
         1.11951         318.596         375.172         62.8712          383463          231819          109450
         1.19033         287.827         338.939         56.8014          346405          209439         98877.4
         1.26562         259.937         306.095         51.2998          312816          189151         89294.1
         1.34568         234.666         276.337         46.3153          282387          170768         80611.6
         1.43081         211.783          249.39         41.8006          254834          154120         72749.2
         1.52132         191.067         224.995         37.7127          229893          139048         65631.8
         1.61755         172.323         202.922         34.0152          207328          125411         59192.1
         1.71987         155.369         182.958         30.6694          186921          113075         53367.7
         1.82867         140.042         164.908         27.6449          168471          101922         48101.9
         1.94434         126.189         148.596         24.9112          151799         91842.5         43343.1
         2.06734         113.674         133.858         22.4412          136737         82735.7         39043.8
         2.19811         102.372          120.55         20.2109          123137         74511.4         35161.5
         2.33716         92.1693         108.535         18.1969          110859         67086.4         31656.6
           2.485         82.9617         97.6923         16.3797         99780.2         60385.6         28493.7
         2.64219         74.6548         87.9103         14.7398         89785.5         54340.1         25640.3
         2.80933         67.1631         79.0883         13.2611         80772.1         48887.8         23066.9
         2.98704         60.4084         71.1342         11.9278           72646         43971.8         20746.8
         3.17599         54.3198         63.9645         10.7257         65321.5         39540.5         18655.5
          3.3769         48.8335          57.504          9.6427         58721.9         35547.3           16771
         3.59051          43.891         51.6839         8.66705         52776.7         31949.9         15073.4
         3.81764         39.4395          46.442         7.78818         47422.4         28709.9         13544.5
         4.05913         35.4315         41.7223         6.99681         42601.7         25792.6         12167.9
          4.3159         31.8239         37.4742         6.28452         38262.9         23166.7         10928.8
         4.58891         28.5779         33.6519         5.64361         34359.1           20804         9813.98
         4.87919         25.6581         30.2136         5.06711         30847.7         18678.6         8811.18
         5.18784         23.0324         27.1218         4.54869         27690.2         16767.3         7909.41
         5.51601         20.6716         24.3418         4.08254         24851.3         15048.8         7098.62
         5.86493         18.5492         21.8426          3.6634         22299.1         13503.8         6369.71
         6.23593         16.6414          19.596         3.28666         20005.1           12115         5714.49
          6.6304         14.9268          17.577         2.94809         17943.5         10866.9         5125.65
         7.04982         13.3864         15.7631         2.64389         16091.4         9745.54         4596.65
         7.49577         12.0033         14.1344         2.37074         14428.4         8738.61         4121.64
         7.96994         10.7615         12.6721         2.12551         12935.4         7834.61         3695.19
         8.47409         9.64653         11.3592         1.90532           11595         7022.92         3312.29
         9.01014         8.64538         10.1803          1.7076         10391.4         6294.08         2968.49
          9.5801         7.74681         9.12218         1.53013         9311.12         5639.91          2659.9
         10.1861         6.94082         8.17309         1.37095         8342.21         5053.13         2383.12
         10.8305         6.21791         7.32183         1.22817         7473.19         4526.83         2134.87
         11.5156          5.5692         6.55796         1.10005         6693.39         4054.55          1912.1
          12.244         4.98737         5.87282        0.985128         5993.99         3630.95          1712.3
         13.0185         4.46597         5.25885        0.882144         5367.25         3251.34         1533.25
          13.842         3.99842         4.70829        0.789797         4805.26         2910.94          1372.7
         14.7176         3.57918         4.21462        0.706987         4301.34          2605.7         1228.73
         15.6486         3.20371         3.77248        0.632823         3850.05         2332.33          1099.8
         16.6385         2.86709         3.37611        0.566333         3445.46         2087.25         984.206
          17.691         2.56555         3.02103        0.506769         3083.04         1867.69         880.657
         18.8101         2.29549         2.70303        0.453425         2758.47         1671.07         787.923
              20         2.05351         2.41808        0.405624         2467.64         1494.88         704.828
